frequency,raw,smoothed,error,error_smoothed,equalization,parametric_eq,fixed_band_eq,equalized_raw,equalized_smoothed,target
20.00,-3.83,-3.83,-5.72,-5.71,5.76,5.57,2.27,1.93,1.94,1.89
20.20,-3.81,-3.82,-5.73,-5.73,5.74,5.55,2.34,1.93,1.93,1.92
20.40,-3.79,-3.80,-5.74,-5.74,5.72,5.54,2.41,1.93,1.93,1.95
20.61,-3.77,-3.77,-5.74,-5.74,5.70,5.53,2.48,1.93,1.94,1.97
20.81,-3.73,-3.73,-5.73,-5.73,5.69,5.51,2.55,1.96,1.96,2.00
21.02,-3.68,-3.68,-5.71,-5.70,5.67,5.50,2.63,1.99,1.99,2.03
21.23,-3.62,-3.63,-5.66,-5.66,5.66,5.48,2.70,2.04,2.03,2.04
21.44,-3.58,-3.58,-5.63,-5.63,5.64,5.47,2.78,2.07,2.06,2.05
21.66,-3.55,-3.55,-5.61,-5.60,5.63,5.45,2.86,2.08,2.08,2.06
21.87,-3.53,-3.53,-5.59,-5.59,5.61,5.43,2.94,2.08,2.08,2.06
22.09,-3.53,-3.53,-5.59,-5.59,5.61,5.42,3.03,2.08,2.08,2.06
22.31,-3.54,-3.54,-5.60,-5.60,5.60,5.40,3.12,2.06,2.07,2.06
22.54,-3.55,-3.55,-5.61,-5.61,5.61,5.39,3.21,2.06,2.05,2.06
22.76,-3.56,-3.56,-5.62,-5.62,5.61,5.37,3.30,2.05,2.05,2.06
22.99,-3.57,-3.57,-5.62,-5.62,5.61,5.36,3.39,2.04,2.04,2.05
23.22,-3.56,-3.56,-5.61,-5.61,5.60,5.34,3.49,2.04,2.04,2.05
23.45,-3.55,-3.55,-5.60,-5.60,5.59,5.32,3.59,2.04,2.04,2.05
23.69,-3.53,-3.53,-5.58,-5.58,5.58,5.31,3.69,2.05,2.05,2.05
23.92,-3.50,-3.50,-5.55,-5.56,5.56,5.29,3.79,2.06,2.06,2.05
24.16,-3.48,-3.48,-5.54,-5.54,5.54,5.27,3.90,2.06,2.06,2.06
24.40,-3.47,-3.47,-5.53,-5.52,5.53,5.26,4.01,2.06,2.06,2.06
24.65,-3.46,-3.46,-5.51,-5.51,5.51,5.24,4.11,2.05,2.05,2.05
24.89,-3.45,-3.45,-5.50,-5.50,5.50,5.22,4.22,2.05,2.05,2.05
25.14,-3.44,-3.44,-5.48,-5.49,5.49,5.20,4.33,2.05,2.04,2.04
25.39,-3.44,-3.44,-5.48,-5.48,5.48,5.19,4.44,2.04,2.04,2.04
25.65,-3.44,-3.44,-5.48,-5.48,5.47,5.17,4.56,2.03,2.04,2.04
25.91,-3.43,-3.43,-5.46,-5.47,5.47,5.15,4.67,2.04,2.03,2.03
26.16,-3.43,-3.43,-5.46,-5.46,5.46,5.13,4.78,2.03,2.04,2.03
26.43,-3.42,-3.42,-5.45,-5.45,5.46,5.12,4.89,2.04,2.04,2.03
26.69,-3.42,-3.42,-5.45,-5.45,5.45,5.10,5.00,2.03,2.03,2.03
26.96,-3.42,-3.42,-5.45,-5.45,5.44,5.08,5.11,2.02,2.02,2.03
27.23,-3.42,-3.42,-5.45,-5.44,5.43,5.06,5.21,2.01,2.02,2.03
27.50,-3.41,-3.41,-5.43,-5.43,5.42,5.04,5.32,2.01,2.01,2.02
27.77,-3.39,-3.39,-5.40,-5.41,5.40,5.02,5.42,2.01,2.01,2.01
28.05,-3.38,-3.38,-5.39,-5.38,5.39,5.01,5.51,2.01,2.01,2.01
28.33,-3.36,-3.36,-5.36,-5.36,5.37,4.99,5.60,2.01,2.01,2.00
28.62,-3.34,-3.34,-5.34,-5.34,5.35,4.97,5.69,2.01,2.01,2.00
28.90,-3.33,-3.33,-5.33,-5.32,5.33,4.95,5.77,2.00,2.00,2.00
29.19,-3.32,-3.32,-5.30,-5.31,5.31,4.93,5.84,1.99,1.99,1.98
29.48,-3.31,-3.31,-5.30,-5.30,5.30,4.91,5.90,1.99,1.98,1.99
29.78,-3.30,-3.30,-5.28,-5.28,5.28,4.89,5.96,1.98,1.98,1.98
30.08,-3.29,-3.29,-5.27,-5.27,5.25,4.87,6.01,1.96,1.97,1.98
30.38,-3.27,-3.27,-5.24,-5.24,5.23,4.85,6.05,1.96,1.96,1.97
30.68,-3.25,-3.25,-5.22,-5.21,5.21,4.83,6.08,1.96,1.96,1.97
30.99,-3.22,-3.22,-5.17,-5.18,5.19,4.81,6.10,1.97,1.96,1.95
31.30,-3.20,-3.20,-5.15,-5.15,5.16,4.79,6.11,1.96,1.96,1.95
31.61,-3.18,-3.18,-5.13,-5.13,5.14,4.77,6.11,1.96,1.96,1.95
31.93,-3.17,-3.17,-5.11,-5.11,5.11,4.75,6.10,1.94,1.94,1.94
32.24,-3.16,-3.16,-5.08,-5.09,5.09,4.73,6.08,1.93,1.93,1.92
32.57,-3.15,-3.15,-5.07,-5.07,5.06,4.71,6.06,1.91,1.91,1.92
32.89,-3.13,-3.13,-5.05,-5.04,5.03,4.69,6.02,1.90,1.90,1.92
33.22,-3.10,-3.10,-5.01,-5.01,5.00,4.67,5.98,1.90,1.90,1.91
33.55,-3.07,-3.07,-4.97,-4.97,4.97,4.65,5.93,1.90,1.90,1.90
33.89,-3.03,-3.03,-4.92,-4.93,4.93,4.63,5.87,1.90,1.90,1.89
34.23,-3.00,-3.00,-4.89,-4.89,4.89,4.61,5.80,1.89,1.89,1.89
34.57,-2.97,-2.97,-4.84,-4.85,4.85,4.59,5.73,1.88,1.88,1.87
34.92,-2.94,-2.94,-4.80,-4.80,4.80,4.57,5.65,1.86,1.86,1.86
35.27,-2.90,-2.90,-4.76,-4.75,4.74,4.55,5.57,1.84,1.85,1.86
35.62,-2.85,-2.85,-4.69,-4.70,4.69,4.53,5.49,1.84,1.84,1.84
35.97,-2.80,-2.80,-4.63,-4.63,4.63,4.50,5.40,1.83,1.83,1.83
36.33,-2.74,-2.74,-4.57,-4.56,4.57,4.48,5.31,1.83,1.83,1.83
36.70,-2.68,-2.68,-4.49,-4.50,4.50,4.46,5.22,1.82,1.82,1.81
37.06,-2.63,-2.63,-4.43,-4.43,4.44,4.44,5.13,1.81,1.81,1.80
37.43,-2.57,-2.57,-4.36,-4.36,4.37,4.42,5.03,1.80,1.80,1.79
37.81,-2.52,-2.52,-4.30,-4.30,4.30,4.40,4.94,1.78,1.78,1.78
38.19,-2.47,-2.47,-4.24,-4.24,4.23,4.37,4.85,1.76,1.77,1.77
38.57,-2.42,-2.42,-4.18,-4.17,4.17,4.35,4.75,1.75,1.75,1.76
38.95,-2.36,-2.36,-4.11,-4.11,4.10,4.33,4.66,1.74,1.74,1.75
39.34,-2.31,-2.31,-4.04,-4.04,4.04,4.31,4.57,1.73,1.73,1.73
39.74,-2.26,-2.26,-3.98,-3.98,3.98,4.28,4.48,1.72,1.72,1.72
40.14,-2.22,-2.22,-3.93,-3.92,3.92,4.26,4.39,1.70,1.71,1.71
40.54,-2.17,-2.17,-3.87,-3.87,3.87,4.24,4.31,1.70,1.70,1.70
40.94,-2.14,-2.14,-3.83,-3.82,3.83,4.21,4.23,1.69,1.69,1.69
41.35,-2.11,-2.11,-3.78,-3.79,3.80,4.19,4.14,1.69,1.69,1.67
41.76,-2.10,-2.10,-3.77,-3.77,3.78,4.17,4.07,1.68,1.68,1.67
42.18,-2.10,-2.10,-3.76,-3.75,3.76,4.14,3.99,1.66,1.66,1.66
42.60,-2.10,-2.11,-3.74,-3.75,3.75,4.12,3.92,1.65,1.65,1.64
43.03,-2.12,-2.12,-3.76,-3.75,3.75,4.10,3.85,1.63,1.63,1.64
43.46,-2.14,-2.14,-3.76,-3.75,3.75,4.07,3.78,1.61,1.62,1.62
43.90,-2.16,-2.16,-3.75,-3.76,3.76,4.05,3.72,1.60,1.60,1.59
44.33,-2.18,-2.19,-3.75,-3.76,3.76,4.02,3.65,1.58,1.57,1.57
44.78,-2.21,-2.21,-3.77,-3.76,3.76,4.00,3.59,1.55,1.55,1.56
45.23,-2.23,-2.23,-3.77,-3.76,3.75,3.98,3.54,1.52,1.53,1.54
45.68,-2.23,-2.23,-3.75,-3.75,3.74,3.95,3.49,1.51,1.51,1.52
46.13,-2.22,-2.22,-3.72,-3.72,3.73,3.93,3.43,1.51,1.51,1.50
46.60,-2.20,-2.20,-3.69,-3.69,3.70,3.90,3.39,1.50,1.50,1.49
47.06,-2.19,-2.20,-3.66,-3.67,3.67,3.87,3.34,1.48,1.47,1.47
47.53,-2.19,-2.19,-3.64,-3.64,3.63,3.85,3.30,1.44,1.44,1.45
48.01,-2.18,-2.17,-3.62,-3.61,3.58,3.82,3.26,1.40,1.41,1.44
48.49,-2.14,-2.14,-3.55,-3.55,3.54,3.80,3.22,1.39,1.40,1.41
48.97,-2.09,-2.09,-3.47,-3.47,3.48,3.77,3.19,1.39,1.39,1.38
49.46,-2.04,-2.05,-3.39,-3.40,3.43,3.74,3.15,1.39,1.38,1.35
49.96,-2.03,-2.04,-3.35,-3.36,3.37,3.72,3.12,1.34,1.34,1.32
50.46,-2.03,-2.02,-3.33,-3.32,3.32,3.69,3.09,1.29,1.30,1.30
50.96,-2.01,-2.00,-3.29,-3.27,3.26,3.66,3.06,1.25,1.26,1.28
51.47,-1.95,-1.96,-3.20,-3.21,3.21,3.63,3.04,1.26,1.25,1.25
51.99,-1.91,-1.92,-3.14,-3.15,3.16,3.60,3.01,1.25,1.23,1.23
52.51,-1.89,-1.89,-3.10,-3.10,3.11,3.58,2.99,1.22,1.22,1.21
53.03,-1.88,-1.87,-3.07,-3.05,3.05,3.55,2.97,1.17,1.19,1.19
53.56,-1.84,-1.84,-3.00,-3.01,3.00,3.52,2.95,1.16,1.16,1.16
54.10,-1.81,-1.81,-2.95,-2.95,2.94,3.49,2.93,1.13,1.13,1.14
54.64,-1.78,-1.78,-2.89,-2.89,2.89,3.46,2.91,1.11,1.11,1.11
55.18,-1.76,-1.75,-2.84,-2.84,2.84,3.43,2.89,1.08,1.08,1.08
55.74,-1.72,-1.72,-2.78,-2.78,2.78,3.40,2.87,1.06,1.06,1.06
56.29,-1.69,-1.69,-2.73,-2.72,2.73,3.36,2.85,1.04,1.04,1.04
56.86,-1.65,-1.67,-2.66,-2.68,2.68,3.33,2.83,1.03,1.01,1.01
57.42,-1.65,-1.65,-2.63,-2.64,2.63,3.30,2.81,0.98,0.98,0.98
58.00,-1.65,-1.63,-2.61,-2.59,2.59,3.27,2.79,0.94,0.96,0.96
58.58,-1.61,-1.61,-2.55,-2.56,2.56,3.23,2.77,0.95,0.95,0.94
59.16,-1.58,-1.59,-2.50,-2.52,2.53,3.20,2.75,0.95,0.94,0.92
59.76,-1.59,-1.59,-2.49,-2.49,2.51,3.17,2.72,0.92,0.91,0.90
60.35,-1.61,-1.61,-2.48,-2.48,2.49,3.13,2.70,0.88,0.88,0.87
60.96,-1.64,-1.63,-2.49,-2.47,2.47,3.10,2.67,0.83,0.84,0.85
61.57,-1.65,-1.65,-2.45,-2.46,2.45,3.06,2.64,0.80,0.80,0.80
62.18,-1.67,-1.67,-2.44,-2.45,2.44,3.03,2.61,0.77,0.76,0.77
62.80,-1.69,-1.69,-2.44,-2.43,2.42,2.99,2.58,0.73,0.73,0.75
63.43,-1.70,-1.70,-2.41,-2.41,2.41,2.95,2.55,0.71,0.71,0.71
64.07,-1.70,-1.70,-2.39,-2.38,2.39,2.91,2.51,0.69,0.69,0.68
64.71,-1.70,-1.70,-2.36,-2.36,2.37,2.88,2.47,0.67,0.67,0.66
65.35,-1.71,-1.72,-2.34,-2.35,2.35,2.84,2.44,0.64,0.64,0.63
66.01,-1.74,-1.73,-2.34,-2.34,2.33,2.80,2.39,0.59,0.60,0.60
66.67,-1.75,-1.75,-2.32,-2.32,2.32,2.76,2.35,0.57,0.57,0.57
67.33,-1.76,-1.76,-2.30,-2.31,2.30,2.72,2.31,0.54,0.54,0.54
68.01,-1.77,-1.77,-2.28,-2.28,2.28,2.67,2.26,0.51,0.52,0.51
68.69,-1.78,-1.78,-2.26,-2.26,2.27,2.63,2.22,0.49,0.49,0.48
69.37,-1.79,-1.79,-2.24,-2.24,2.25,2.59,2.17,0.46,0.45,0.45
70.07,-1.81,-1.81,-2.23,-2.23,2.23,2.55,2.12,0.41,0.42,0.42
70.77,-1.82,-1.82,-2.21,-2.21,2.20,2.50,2.07,0.38,0.38,0.39
71.48,-1.83,-1.83,-2.19,-2.19,2.18,2.46,2.02,0.35,0.35,0.36
72.19,-1.83,-1.83,-2.15,-2.15,2.15,2.41,1.97,0.32,0.32,0.32
72.91,-1.83,-1.83,-2.12,-2.12,2.13,2.37,1.92,0.30,0.30,0.29
73.64,-1.84,-1.84,-2.09,-2.09,2.11,2.32,1.87,0.27,0.27,0.25
74.38,-1.85,-1.86,-2.07,-2.08,2.08,2.27,1.82,0.23,0.23,0.22
75.12,-1.88,-1.87,-2.07,-2.06,2.06,2.23,1.77,0.18,0.18,0.19
75.87,-1.89,-1.89,-2.05,-2.04,2.03,2.18,1.72,0.14,0.15,0.16
76.63,-1.89,-1.89,-2.02,-2.02,2.01,2.13,1.67,0.12,0.11,0.13
77.40,-1.89,-1.89,-1.98,-1.98,1.98,2.08,1.62,0.09,0.09,0.09
78.17,-1.89,-1.89,-1.94,-1.95,1.96,2.03,1.57,0.06,0.07,0.05
78.95,-1.89,-1.89,-1.92,-1.92,1.93,1.98,1.52,0.04,0.04,0.03
79.74,-1.89,-1.89,-1.89,-1.89,1.90,1.92,1.47,0.00,0.00,-0.00
80.54,-1.90,-1.90,-1.86,-1.86,1.86,1.87,1.42,-0.04,-0.04,-0.04
81.35,-1.91,-1.90,-1.84,-1.83,1.83,1.82,1.37,-0.08,-0.08,-0.07
82.16,-1.90,-1.91,-1.79,-1.80,1.79,1.77,1.33,-0.11,-0.11,-0.11
82.98,-1.90,-1.90,-1.77,-1.76,1.75,1.71,1.28,-0.15,-0.15,-0.13
83.81,-1.90,-1.89,-1.72,-1.71,1.72,1.66,1.23,-0.18,-0.18,-0.18
84.65,-1.88,-1.89,-1.66,-1.67,1.68,1.60,1.19,-0.20,-0.21,-0.22
85.50,-1.88,-1.88,-1.63,-1.63,1.64,1.55,1.14,-0.24,-0.25,-0.25
86.35,-1.88,-1.88,-1.59,-1.59,1.59,1.49,1.10,-0.29,-0.28,-0.29
87.22,-1.88,-1.88,-1.55,-1.55,1.55,1.43,1.06,-0.33,-0.33,-0.33
88.09,-1.88,-1.88,-1.51,-1.51,1.51,1.38,1.01,-0.37,-0.36,-0.37
88.97,-1.87,-1.87,-1.47,-1.47,1.47,1.32,0.97,-0.40,-0.40,-0.40
89.86,-1.87,-1.87,-1.43,-1.43,1.43,1.26,0.93,-0.44,-0.44,-0.44
90.76,-1.88,-1.88,-1.39,-1.39,1.39,1.20,0.89,-0.49,-0.49,-0.49
91.66,-1.88,-1.88,-1.36,-1.35,1.35,1.15,0.85,-0.53,-0.53,-0.52
92.58,-1.88,-1.88,-1.30,-1.31,1.30,1.09,0.81,-0.58,-0.57,-0.58
93.51,-1.87,-1.87,-1.26,-1.26,1.26,1.03,0.78,-0.61,-0.61,-0.61
94.44,-1.87,-1.87,-1.22,-1.21,1.22,0.97,0.74,-0.65,-0.65,-0.65
95.39,-1.87,-1.87,-1.17,-1.17,1.17,0.91,0.70,-0.70,-0.70,-0.70
96.34,-1.88,-1.88,-1.13,-1.13,1.13,0.85,0.67,-0.75,-0.75,-0.75
97.30,-1.88,-1.88,-1.08,-1.08,1.08,0.79,0.63,-0.80,-0.80,-0.80
98.28,-1.88,-1.88,-1.04,-1.04,1.04,0.73,0.60,-0.84,-0.85,-0.84
99.26,-1.88,-1.88,-0.99,-0.99,0.99,0.67,0.56,-0.89,-0.89,-0.89
100.25,-1.88,-1.88,-0.94,-0.95,0.95,0.61,0.53,-0.93,-0.93,-0.94
101.25,-1.88,-1.88,-0.90,-0.90,0.90,0.55,0.49,-0.98,-0.98,-0.98
102.27,-1.89,-1.89,-0.86,-0.86,0.86,0.49,0.46,-1.03,-1.03,-1.03
103.29,-1.89,-1.89,-0.81,-0.81,0.81,0.43,0.43,-1.08,-1.08,-1.08
104.32,-1.90,-1.89,-0.78,-0.77,0.76,0.37,0.40,-1.14,-1.13,-1.12
105.37,-1.88,-1.89,-0.71,-0.72,0.72,0.31,0.37,-1.16,-1.17,-1.17
106.42,-1.88,-1.88,-0.67,-0.67,0.67,0.26,0.34,-1.21,-1.21,-1.21
107.48,-1.88,-1.88,-0.62,-0.61,0.62,0.20,0.30,-1.26,-1.26,-1.26
108.56,-1.88,-1.88,-0.56,-0.57,0.57,0.14,0.27,-1.31,-1.31,-1.32
109.64,-1.88,-1.88,-0.52,-0.52,0.52,0.08,0.24,-1.36,-1.36,-1.36
110.74,-1.89,-1.88,-0.48,-0.47,0.47,0.02,0.22,-1.42,-1.42,-1.41
111.85,-1.88,-1.88,-0.43,-0.42,0.41,-0.03,0.19,-1.47,-1.47,-1.45
112.97,-1.88,-1.88,-0.36,-0.37,0.36,-0.09,0.16,-1.52,-1.52,-1.52
114.10,-1.88,-1.88,-0.32,-0.31,0.32,-0.15,0.13,-1.56,-1.56,-1.56
115.24,-1.87,-1.87,-0.25,-0.25,0.27,-0.20,0.10,-1.60,-1.60,-1.62
116.39,-1.88,-1.88,-0.21,-0.20,0.22,-0.26,0.07,-1.66,-1.65,-1.67
117.55,-1.88,-1.89,-0.15,-0.16,0.17,-0.31,0.04,-1.71,-1.72,-1.73
118.73,-1.91,-1.92,-0.13,-0.14,0.13,-0.37,0.02,-1.78,-1.79,-1.78
119.92,-1.94,-1.93,-0.12,-0.10,0.08,-0.42,-0.01,-1.86,-1.85,-1.82
121.12,-1.94,-1.93,-0.06,-0.05,0.03,-0.47,-0.04,-1.91,-1.90,-1.88
122.33,-1.89,-1.91,0.04,0.02,-0.02,-0.52,-0.06,-1.91,-1.93,-1.93
123.55,-1.89,-1.89,0.08,0.09,-0.08,-0.57,-0.09,-1.97,-1.97,-1.97
124.79,-1.88,-1.88,0.14,0.14,-0.13,-0.62,-0.12,-2.01,-2.01,-2.02
126.03,-1.88,-1.88,0.19,0.19,-0.19,-0.67,-0.14,-2.07,-2.07,-2.07
127.29,-1.88,-1.88,0.24,0.25,-0.25,-0.72,-0.17,-2.13,-2.13,-2.12
128.57,-1.88,-1.88,0.30,0.30,-0.30,-0.77,-0.20,-2.18,-2.18,-2.18
129.85,-1.87,-1.87,0.36,0.36,-0.36,-0.82,-0.22,-2.23,-2.23,-2.23
131.15,-1.87,-1.87,0.41,0.41,-0.40,-0.86,-0.25,-2.27,-2.28,-2.28
132.46,-1.87,-1.87,0.46,0.46,-0.45,-0.91,-0.28,-2.32,-2.32,-2.33
133.79,-1.87,-1.87,0.49,0.50,-0.50,-0.95,-0.30,-2.37,-2.37,-2.36
135.12,-1.87,-1.87,0.55,0.54,-0.55,-0.99,-0.33,-2.42,-2.42,-2.42
136.48,-1.87,-1.87,0.58,0.59,-0.59,-1.04,-0.36,-2.46,-2.46,-2.45
137.84,-1.87,-1.87,0.63,0.64,-0.64,-1.08,-0.38,-2.51,-2.50,-2.50
139.22,-1.86,-1.86,0.69,0.68,-0.68,-1.12,-0.41,-2.54,-2.54,-2.55
140.61,-1.86,-1.86,0.73,0.73,-0.72,-1.16,-0.44,-2.58,-2.58,-2.60
142.02,-1.86,-1.86,0.76,0.77,-0.76,-1.19,-0.46,-2.62,-2.62,-2.62
143.44,-1.86,-1.86,0.80,0.80,-0.80,-1.23,-0.49,-2.66,-2.66,-2.66
144.87,-1.85,-1.85,0.85,0.84,-0.84,-1.27,-0.52,-2.69,-2.70,-2.70
146.32,-1.85,-1.85,0.89,0.88,-0.88,-1.30,-0.55,-2.73,-2.74,-2.74
147.78,-1.85,-1.85,0.92,0.92,-0.92,-1.34,-0.58,-2.77,-2.77,-2.77
149.26,-1.85,-1.85,0.95,0.96,-0.96,-1.37,-0.61,-2.81,-2.81,-2.81
150.75,-1.84,-1.84,1.01,1.00,-1.01,-1.40,-0.64,-2.85,-2.85,-2.85
152.26,-1.84,-1.84,1.05,1.05,-1.05,-1.43,-0.67,-2.89,-2.89,-2.89
153.78,-1.83,-1.83,1.09,1.10,-1.09,-1.46,-0.70,-2.92,-2.93,-2.92
155.32,-1.83,-1.83,1.14,1.14,-1.14,-1.49,-0.74,-2.97,-2.97,-2.97
156.88,-1.82,-1.82,1.18,1.18,-1.18,-1.52,-0.77,-3.00,-3.01,-3.00
158.44,-1.82,-1.82,1.23,1.23,-1.23,-1.54,-0.80,-3.05,-3.05,-3.05
160.03,-1.82,-1.82,1.27,1.27,-1.27,-1.57,-0.84,-3.09,-3.09,-3.09
161.63,-1.81,-1.81,1.32,1.32,-1.31,-1.59,-0.87,-3.12,-3.12,-3.13
163.24,-1.81,-1.81,1.36,1.36,-1.35,-1.62,-0.91,-3.16,-3.16,-3.17
164.88,-1.81,-1.81,1.39,1.39,-1.39,-1.64,-0.95,-3.20,-3.20,-3.20
166.53,-1.81,-1.81,1.43,1.43,-1.44,-1.66,-0.98,-3.25,-3.24,-3.24
168.19,-1.80,-1.80,1.48,1.47,-1.48,-1.68,-1.02,-3.28,-3.28,-3.28
169.87,-1.80,-1.80,1.51,1.52,-1.52,-1.70,-1.06,-3.32,-3.32,-3.32
171.57,-1.79,-1.79,1.56,1.56,-1.56,-1.72,-1.10,-3.35,-3.35,-3.35
173.29,-1.79,-1.79,1.60,1.60,-1.60,-1.74,-1.15,-3.39,-3.39,-3.39
175.02,-1.78,-1.78,1.64,1.64,-1.64,-1.76,-1.19,-3.42,-3.43,-3.42
176.77,-1.78,-1.78,1.69,1.69,-1.69,-1.77,-1.23,-3.47,-3.47,-3.47
178.54,-1.78,-1.78,1.73,1.73,-1.73,-1.79,-1.28,-3.51,-3.51,-3.51
180.32,-1.78,-1.78,1.77,1.77,-1.77,-1.80,-1.32,-3.55,-3.55,-3.55
182.13,-1.77,-1.77,1.81,1.81,-1.81,-1.82,-1.37,-3.58,-3.58,-3.58
183.95,-1.76,-1.76,1.86,1.85,-1.85,-1.83,-1.42,-3.61,-3.62,-3.62
185.79,-1.76,-1.76,1.89,1.89,-1.89,-1.84,-1.47,-3.65,-3.65,-3.65
187.65,-1.76,-1.76,1.93,1.93,-1.93,-1.85,-1.52,-3.69,-3.69,-3.69
189.52,-1.75,-1.75,1.97,1.97,-1.97,-1.86,-1.57,-3.72,-3.72,-3.72
191.42,-1.74,-1.74,2.01,2.01,-2.01,-1.88,-1.62,-3.75,-3.75,-3.75
193.33,-1.74,-1.74,2.04,2.04,-2.04,-1.88,-1.67,-3.78,-3.78,-3.78
195.27,-1.74,-1.74,2.07,2.07,-2.07,-1.89,-1.72,-3.81,-3.81,-3.81
197.22,-1.74,-1.74,2.10,2.10,-2.10,-1.90,-1.78,-3.84,-3.84,-3.84
199.19,-1.73,-1.74,2.14,2.13,-2.13,-1.91,-1.83,-3.86,-3.87,-3.87
201.18,-1.74,-1.74,2.15,2.15,-2.15,-1.91,-1.89,-3.89,-3.89,-3.89
203.19,-1.75,-1.74,2.16,2.17,-2.18,-1.92,-1.94,-3.93,-3.92,-3.91
205.23,-1.73,-1.73,2.20,2.19,-2.20,-1.93,-1.99,-3.93,-3.93,-3.93
207.28,-1.72,-1.72,2.22,2.22,-2.22,-1.93,-2.05,-3.94,-3.94,-3.94
209.35,-1.71,-1.71,2.25,2.25,-2.24,-1.94,-2.10,-3.95,-3.96,-3.96
211.44,-1.71,-1.71,2.28,2.27,-2.26,-1.94,-2.16,-3.97,-3.97,-3.99
213.56,-1.71,-1.71,2.28,2.28,-2.28,-1.94,-2.21,-3.99,-3.99,-3.99
215.69,-1.70,-1.70,2.29,2.29,-2.30,-1.95,-2.26,-4.00,-4.00,-3.99
217.85,-1.70,-1.70,2.31,2.31,-2.31,-1.95,-2.31,-4.01,-4.01,-4.01
220.03,-1.69,-1.69,2.33,2.32,-2.32,-1.95,-2.36,-4.01,-4.02,-4.02
222.23,-1.69,-1.69,2.34,2.34,-2.33,-1.95,-2.41,-4.02,-4.02,-4.03
224.45,-1.68,-1.68,2.34,2.35,-2.34,-1.95,-2.45,-4.02,-4.02,-4.02
226.70,-1.67,-1.67,2.35,2.35,-2.35,-1.95,-2.49,-4.02,-4.02,-4.02
228.96,-1.66,-1.66,2.36,2.36,-2.36,-1.95,-2.54,-4.02,-4.02,-4.02
231.25,-1.66,-1.66,2.35,2.36,-2.36,-1.95,-2.57,-4.02,-4.02,-4.01
233.57,-1.65,-1.65,2.36,2.36,-2.37,-1.95,-2.61,-4.02,-4.02,-4.01
235.90,-1.64,-1.65,2.37,2.37,-2.37,-1.95,-2.64,-4.01,-4.02,-4.01
238.26,-1.64,-1.64,2.37,2.37,-2.37,-1.95,-2.67,-4.01,-4.01,-4.01
240.64,-1.63,-1.63,2.37,2.38,-2.37,-1.95,-2.69,-4.00,-4.00,-4.00
243.05,-1.61,-1.62,2.38,2.37,-2.37,-1.95,-2.71,-3.98,-3.99,-3.99
245.48,-1.61,-1.61,2.37,2.37,-2.37,-1.94,-2.73,-3.98,-3.98,-3.98
247.93,-1.60,-1.60,2.37,2.37,-2.37,-1.94,-2.74,-3.97,-3.97,-3.97
250.41,-1.59,-1.59,2.37,2.37,-2.37,-1.94,-2.75,-3.96,-3.96,-3.96
252.92,-1.58,-1.58,2.36,2.36,-2.36,-1.94,-2.75,-3.94,-3.94,-3.94
255.45,-1.57,-1.57,2.35,2.36,-2.36,-1.93,-2.75,-3.93,-3.93,-3.92
258.00,-1.56,-1.56,2.35,2.35,-2.35,-1.93,-2.75,-3.91,-3.91,-3.91
260.58,-1.55,-1.55,2.34,2.34,-2.34,-1.93,-2.74,-3.89,-3.89,-3.89
263.19,-1.54,-1.54,2.33,2.33,-2.33,-1.92,-2.73,-3.87,-3.87,-3.87
265.82,-1.53,-1.53,2.33,2.32,-2.32,-1.92,-2.71,-3.85,-3.85,-3.86
268.48,-1.52,-1.52,2.31,2.31,-2.31,-1.92,-2.69,-3.83,-3.83,-3.83
271.16,-1.52,-1.52,2.29,2.30,-2.30,-1.91,-2.67,-3.82,-3.81,-3.81
273.87,-1.51,-1.51,2.28,2.28,-2.29,-1.91,-2.64,-3.80,-3.80,-3.79
276.61,-1.49,-1.50,2.28,2.27,-2.28,-1.90,-2.62,-3.77,-3.78,-3.77
279.38,-1.49,-1.49,2.26,2.27,-2.27,-1.90,-2.59,-3.76,-3.76,-3.75
282.17,-1.48,-1.48,2.26,2.26,-2.26,-1.89,-2.55,-3.74,-3.73,-3.74
284.99,-1.46,-1.46,2.25,2.25,-2.25,-1.89,-2.52,-3.71,-3.71,-3.71
287.84,-1.45,-1.45,2.25,2.25,-2.24,-1.88,-2.48,-3.69,-3.69,-3.70
290.72,-1.44,-1.44,2.23,2.23,-2.23,-1.88,-2.45,-3.67,-3.67,-3.67
293.63,-1.44,-1.44,2.22,2.21,-2.22,-1.87,-2.41,-3.66,-3.66,-3.66
296.57,-1.44,-1.44,2.19,2.19,-2.21,-1.87,-2.37,-3.65,-3.65,-3.63
299.53,-1.45,-1.43,2.17,2.18,-2.20,-1.86,-2.33,-3.65,-3.63,-3.62
302.53,-1.41,-1.41,2.19,2.18,-2.19,-1.86,-2.29,-3.60,-3.60,-3.60
305.55,-1.38,-1.39,2.18,2.18,-2.18,-1.86,-2.25,-3.56,-3.57,-3.56
308.61,-1.37,-1.37,2.18,2.18,-2.16,-1.85,-2.22,-3.54,-3.53,-3.55
311.69,-1.36,-1.35,2.16,2.16,-2.15,-1.85,-2.18,-3.51,-3.51,-3.52
314.81,-1.34,-1.35,2.15,2.15,-2.14,-1.84,-2.14,-3.48,-3.49,-3.49
317.96,-1.34,-1.34,2.13,2.13,-2.13,-1.84,-2.10,-3.47,-3.47,-3.47
321.14,-1.34,-1.34,2.11,2.11,-2.11,-1.83,-2.06,-3.46,-3.45,-3.45
324.35,-1.34,-1.34,2.09,2.09,-2.10,-1.83,-2.03,-3.44,-3.44,-3.43
327.59,-1.34,-1.34,2.07,2.08,-2.08,-1.82,-1.99,-3.42,-3.42,-3.41
330.87,-1.33,-1.33,2.06,2.07,-2.07,-1.82,-1.96,-3.40,-3.40,-3.39
334.18,-1.31,-1.32,2.06,2.05,-2.05,-1.81,-1.93,-3.36,-3.37,-3.37
337.52,-1.31,-1.31,2.05,2.04,-2.03,-1.81,-1.90,-3.34,-3.34,-3.36
340.90,-1.31,-1.31,2.02,2.02,-2.01,-1.80,-1.86,-3.32,-3.32,-3.33
344.30,-1.31,-1.31,2.00,2.00,-1.99,-1.80,-1.84,-3.30,-3.31,-3.31
347.75,-1.32,-1.32,1.97,1.97,-1.97,-1.79,-1.81,-3.29,-3.29,-3.29
351.23,-1.34,-1.34,1.94,1.94,-1.94,-1.79,-1.78,-3.28,-3.28,-3.28
354.74,-1.35,-1.35,1.91,1.91,-1.92,-1.79,-1.76,-3.27,-3.26,-3.26
358.28,-1.35,-1.35,1.89,1.89,-1.88,-1.78,-1.73,-3.24,-3.24,-3.24
361.87,-1.36,-1.36,1.86,1.86,-1.86,-1.78,-1.71,-3.22,-3.22,-3.22
365.49,-1.37,-1.38,1.83,1.83,-1.83,-1.77,-1.69,-3.20,-3.20,-3.20
369.14,-1.40,-1.40,1.80,1.80,-1.80,-1.77,-1.67,-3.20,-3.20,-3.20
372.83,-1.41,-1.41,1.77,1.77,-1.78,-1.77,-1.65,-3.19,-3.19,-3.18
376.56,-1.42,-1.42,1.75,1.75,-1.76,-1.76,-1.64,-3.18,-3.18,-3.17
380.33,-1.41,-1.42,1.73,1.73,-1.74,-1.76,-1.62,-3.15,-3.15,-3.14
384.13,-1.42,-1.42,1.71,1.72,-1.71,-1.76,-1.61,-3.13,-3.13,-3.13
387.97,-1.42,-1.42,1.70,1.70,-1.69,-1.75,-1.59,-3.11,-3.11,-3.12
391.85,-1.44,-1.44,1.68,1.67,-1.66,-1.75,-1.58,-3.10,-3.10,-3.12
395.77,-1.46,-1.46,1.64,1.64,-1.63,-1.75,-1.57,-3.09,-3.09,-3.10
399.73,-1.49,-1.49,1.60,1.60,-1.60,-1.75,-1.56,-3.09,-3.09,-3.09
403.72,-1.53,-1.52,1.55,1.55,-1.56,-1.74,-1.55,-3.09,-3.09,-3.08
407.76,-1.55,-1.55,1.52,1.52,-1.53,-1.74,-1.55,-3.08,-3.08,-3.07
411.84,-1.58,-1.58,1.47,1.48,-1.48,-1.74,-1.54,-3.06,-3.06,-3.05
415.96,-1.60,-1.60,1.44,1.44,-1.44,-1.74,-1.53,-3.04,-3.04,-3.04
420.12,-1.63,-1.63,1.40,1.40,-1.39,-1.74,-1.53,-3.02,-3.02,-3.03
424.32,-1.66,-1.67,1.37,1.36,-1.35,-1.74,-1.53,-3.01,-3.01,-3.03
428.56,-1.71,-1.71,1.31,1.31,-1.30,-1.73,-1.52,-3.01,-3.01,-3.02
432.85,-1.76,-1.76,1.25,1.25,-1.26,-1.73,-1.52,-3.02,-3.01,-3.01
437.18,-1.80,-1.80,1.20,1.20,-1.21,-1.73,-1.52,-3.01,-3.01,-3.00
441.55,-1.83,-1.83,1.15,1.16,-1.16,-1.73,-1.52,-2.99,-2.99,-2.98
445.96,-1.85,-1.86,1.12,1.12,-1.12,-1.73,-1.51,-2.97,-2.97,-2.97
450.42,-1.88,-1.88,1.08,1.08,-1.07,-1.73,-1.51,-2.95,-2.95,-2.96
454.93,-1.91,-1.91,1.03,1.04,-1.03,-1.73,-1.51,-2.94,-2.94,-2.94
459.48,-1.93,-1.93,1.00,1.00,-1.00,-1.73,-1.51,-2.93,-2.93,-2.93
464.07,-1.95,-1.95,0.96,0.97,-0.97,-1.73,-1.51,-2.92,-2.92,-2.91
468.71,-1.96,-1.96,0.93,0.94,-0.94,-1.73,-1.51,-2.90,-2.90,-2.89
473.40,-1.97,-1.97,0.92,0.91,-0.92,-1.73,-1.51,-2.89,-2.89,-2.89
478.13,-1.97,-1.97,0.90,0.90,-0.90,-1.73,-1.51,-2.87,-2.87,-2.87
482.91,-1.96,-1.96,0.90,0.89,-0.89,-1.73,-1.51,-2.85,-2.85,-2.86
487.74,-1.94,-1.95,0.90,0.89,-0.89,-1.73,-1.51,-2.83,-2.84,-2.84
492.62,-1.94,-1.94,0.88,0.89,-0.89,-1.73,-1.51,-2.83,-2.82,-2.82
497.55,-1.92,-1.91,0.89,0.89,-0.90,-1.73,-1.51,-2.82,-2.81,-2.81
502.52,-1.88,-1.88,0.91,0.91,-0.92,-1.73,-1.51,-2.80,-2.80,-2.79
507.55,-1.84,-1.84,0.94,0.93,-0.94,-1.73,-1.50,-2.78,-2.78,-2.78
512.62,-1.80,-1.80,0.96,0.96,-0.96,-1.74,-1.50,-2.76,-2.76,-2.76
517.75,-1.75,-1.75,0.99,1.00,-0.99,-1.74,-1.50,-2.74,-2.74,-2.74
522.93,-1.69,-1.70,1.03,1.03,-1.03,-1.74,-1.50,-2.72,-2.72,-2.72
528.16,-1.64,-1.64,1.07,1.07,-1.06,-1.74,-1.50,-2.70,-2.71,-2.71
533.44,-1.59,-1.59,1.10,1.11,-1.11,-1.74,-1.49,-2.70,-2.69,-2.69
538.77,-1.53,-1.53,1.14,1.14,-1.15,-1.75,-1.49,-2.68,-2.68,-2.67
544.16,-1.47,-1.47,1.18,1.19,-1.19,-1.75,-1.49,-2.66,-2.66,-2.65
549.60,-1.40,-1.39,1.23,1.24,-1.24,-1.75,-1.48,-2.64,-2.63,-2.63
555.10,-1.32,-1.32,1.30,1.30,-1.29,-1.75,-1.48,-2.61,-2.61,-2.62
560.65,-1.25,-1.26,1.35,1.34,-1.33,-1.76,-1.48,-2.58,-2.60,-2.61
566.25,-1.21,-1.21,1.38,1.38,-1.39,-1.76,-1.48,-2.60,-2.59,-2.59
571.92,-1.16,-1.15,1.42,1.43,-1.44,-1.76,-1.48,-2.60,-2.59,-2.58
577.64,-1.08,-1.08,1.49,1.48,-1.49,-1.77,-1.47,-2.57,-2.57,-2.57
583.41,-1.01,-1.01,1.54,1.54,-1.54,-1.77,-1.47,-2.55,-2.55,-2.55
589.25,-0.93,-0.93,1.60,1.60,-1.59,-1.77,-1.47,-2.52,-2.52,-2.53
595.14,-0.86,-0.86,1.65,1.65,-1.64,-1.78,-1.47,-2.50,-2.50,-2.51
601.09,-0.80,-0.80,1.70,1.70,-1.69,-1.78,-1.47,-2.49,-2.48,-2.50
607.10,-0.74,-0.74,1.74,1.74,-1.73,-1.79,-1.48,-2.47,-2.47,-2.48
613.17,-0.68,-0.68,1.78,1.77,-1.78,-1.79,-1.48,-2.46,-2.46,-2.46
619.30,-0.63,-0.63,1.81,1.81,-1.82,-1.80,-1.48,-2.45,-2.45,-2.44
625.50,-0.57,-0.56,1.85,1.86,-1.86,-1.80,-1.49,-2.43,-2.43,-2.42
631.75,-0.50,-0.51,1.91,1.90,-1.90,-1.80,-1.49,-2.40,-2.41,-2.41
638.07,-0.45,-0.45,1.94,1.94,-1.93,-1.81,-1.50,-2.38,-2.39,-2.39
644.45,-0.41,-0.41,1.97,1.97,-1.96,-1.81,-1.51,-2.37,-2.37,-2.38
650.89,-0.37,-0.36,1.99,2.00,-1.99,-1.82,-1.51,-2.36,-2.35,-2.36
657.40,-0.32,-0.33,2.03,2.02,-2.02,-1.82,-1.52,-2.34,-2.35,-2.35
663.98,-0.29,-0.30,2.04,2.04,-2.04,-1.83,-1.53,-2.33,-2.33,-2.33
670.62,-0.28,-0.26,2.04,2.06,-2.06,-1.83,-1.55,-2.34,-2.32,-2.32
677.32,-0.23,-0.24,2.08,2.07,-2.08,-1.84,-1.56,-2.31,-2.32,-2.31
684.10,-0.20,-0.21,2.10,2.09,-2.10,-1.85,-1.57,-2.30,-2.30,-2.30
690.94,-0.18,-0.17,2.10,2.12,-2.12,-1.85,-1.59,-2.30,-2.28,-2.28
697.85,-0.13,-0.14,2.14,2.13,-2.14,-1.86,-1.61,-2.27,-2.27,-2.27
704.83,-0.10,-0.11,2.16,2.15,-2.16,-1.86,-1.63,-2.26,-2.26,-2.26
711.87,-0.08,-0.07,2.17,2.18,-2.18,-1.87,-1.65,-2.26,-2.25,-2.25
718.99,-0.05,-0.04,2.19,2.20,-2.19,-1.88,-1.67,-2.24,-2.24,-2.24
726.18,-0.01,-0.02,2.22,2.21,-2.21,-1.88,-1.69,-2.22,-2.22,-2.23
733.44,0.01,0.00,2.23,2.22,-2.22,-1.89,-1.71,-2.21,-2.21,-2.22
740.78,0.01,0.02,2.21,2.23,-2.23,-1.90,-1.74,-2.22,-2.21,-2.20
748.19,0.04,0.03,2.23,2.23,-2.24,-1.90,-1.76,-2.20,-2.20,-2.19
755.67,0.05,0.05,2.24,2.24,-2.25,-1.91,-1.79,-2.20,-2.20,-2.19
763.23,0.06,0.06,2.24,2.25,-2.25,-1.92,-1.82,-2.19,-2.19,-2.18
770.86,0.08,0.08,2.25,2.25,-2.26,-1.92,-1.85,-2.18,-2.17,-2.17
778.57,0.10,0.10,2.26,2.27,-2.26,-1.93,-1.88,-2.16,-2.16,-2.16
786.35,0.13,0.12,2.28,2.28,-2.27,-1.94,-1.91,-2.14,-2.15,-2.15
794.22,0.13,0.13,2.28,2.27,-2.27,-1.95,-1.94,-2.14,-2.15,-2.15
802.16,0.12,0.13,2.26,2.27,-2.28,-1.96,-1.97,-2.16,-2.15,-2.14
810.18,0.12,0.13,2.25,2.27,-2.28,-1.96,-2.00,-2.16,-2.15,-2.13
818.28,0.14,0.14,2.27,2.27,-2.28,-1.97,-2.04,-2.14,-2.14,-2.13
826.46,0.16,0.15,2.28,2.28,-2.27,-1.98,-2.07,-2.11,-2.12,-2.12
834.73,0.15,0.16,2.27,2.28,-2.26,-1.99,-2.10,-2.11,-2.11,-2.12
843.08,0.15,0.15,2.26,2.27,-2.25,-2.00,-2.14,-2.10,-2.10,-2.11
851.51,0.14,0.13,2.25,2.24,-2.24,-2.01,-2.17,-2.10,-2.11,-2.11
860.02,0.11,0.11,2.21,2.22,-2.22,-2.02,-2.20,-2.11,-2.11,-2.10
868.62,0.09,0.10,2.19,2.20,-2.20,-2.03,-2.24,-2.11,-2.11,-2.10
877.31,0.08,0.08,2.17,2.17,-2.18,-2.04,-2.27,-2.10,-2.10,-2.09
886.08,0.07,0.07,2.15,2.15,-2.16,-2.05,-2.30,-2.09,-2.09,-2.08
894.94,0.05,0.05,2.12,2.13,-2.14,-2.07,-2.33,-2.09,-2.08,-2.07
903.89,0.04,0.04,2.11,2.11,-2.11,-2.08,-2.35,-2.07,-2.07,-2.07
912.93,0.02,0.03,2.08,2.09,-2.08,-2.09,-2.38,-2.06,-2.05,-2.06
922.06,0.02,0.01,2.07,2.07,-2.05,-2.11,-2.40,-2.03,-2.03,-2.05
931.28,-0.01,-0.02,2.04,2.03,-2.01,-2.12,-2.43,-2.02,-2.03,-2.05
940.59,-0.05,-0.06,1.99,1.99,-1.97,-2.14,-2.45,-2.02,-2.03,-2.04
950.00,-0.12,-0.09,1.91,1.94,-1.93,-2.15,-2.46,-2.05,-2.03,-2.03
959.50,-0.11,-0.12,1.91,1.90,-1.91,-2.17,-2.48,-2.02,-2.03,-2.03
969.09,-0.12,-0.14,1.88,1.87,-1.90,-2.19,-2.49,-2.02,-2.03,-2.01
978.78,-0.13,-0.13,1.87,1.87,-1.91,-2.21,-2.50,-2.04,-2.04,-2.00
988.57,-0.12,-0.10,1.87,1.88,-1.93,-2.23,-2.50,-2.05,-2.03,-1.99
998.46,-0.02,-0.02,1.95,1.95,-1.98,-2.25,-2.51,-2.00,-2.00,-1.97
1008.44,0.11,0.10,2.06,2.05,-2.05,-2.28,-2.51,-1.94,-1.95,-1.95
1018.53,0.24,0.24,2.17,2.16,-2.14,-2.30,-2.50,-1.90,-1.91,-1.93
1028.71,0.36,0.35,2.27,2.25,-2.23,-2.33,-2.50,-1.87,-1.89,-1.91
1039.00,0.44,0.44,2.33,2.33,-2.32,-2.36,-2.49,-1.88,-1.88,-1.89
1049.39,0.53,0.55,2.40,2.41,-2.40,-2.39,-2.48,-1.87,-1.85,-1.87
1059.88,0.65,0.66,2.50,2.50,-2.46,-2.43,-2.46,-1.81,-1.80,-1.85
1070.48,0.78,0.76,2.60,2.58,-2.52,-2.47,-2.44,-1.74,-1.76,-1.82
1081.19,0.84,0.82,2.63,2.60,-2.57,-2.51,-2.42,-1.73,-1.75,-1.79
1092.00,0.85,0.84,2.61,2.60,-2.63,-2.55,-2.40,-1.78,-1.79,-1.76
1102.92,0.85,0.88,2.58,2.61,-2.70,-2.60,-2.38,-1.85,-1.82,-1.73
1113.95,0.96,0.98,2.66,2.68,-2.78,-2.64,-2.35,-1.82,-1.79,-1.70
1125.09,1.15,1.16,2.81,2.81,-2.85,-2.70,-2.32,-1.70,-1.70,-1.66
1136.34,1.37,1.34,2.99,2.96,-2.93,-2.75,-2.30,-1.56,-1.58,-1.62
1147.70,1.51,1.48,3.08,3.05,-2.99,-2.80,-2.27,-1.48,-1.51,-1.57
1159.18,1.57,1.59,3.10,3.12,-3.03,-2.86,-2.24,-1.46,-1.44,-1.53
1170.77,1.62,1.66,3.11,3.14,-3.07,-2.91,-2.21,-1.45,-1.41,-1.49
1182.48,1.75,1.69,3.19,3.13,-3.09,-2.97,-2.18,-1.34,-1.40,-1.44
1194.30,1.71,1.70,3.10,3.08,-3.11,-3.01,-2.14,-1.40,-1.41,-1.39
1206.25,1.66,1.70,3.00,3.03,-3.11,-3.05,-2.11,-1.45,-1.41,-1.34
1218.31,1.69,1.71,2.97,2.99,-3.09,-3.08,-2.08,-1.40,-1.39,-1.28
1230.49,1.80,1.79,3.03,3.02,-3.08,-3.11,-2.05,-1.28,-1.29,-1.23
1242.80,1.91,1.93,3.09,3.10,-3.05,-3.11,-2.02,-1.14,-1.12,-1.18
1255.22,2.03,2.02,3.15,3.14,-3.03,-3.12,-1.99,-1.01,-1.01,-1.12
1267.78,2.14,2.05,3.20,3.11,-3.03,-3.09,-1.96,-0.89,-0.98,-1.06
1280.45,1.97,2.03,2.97,3.03,-3.03,-3.07,-1.94,-1.06,-0.99,-1.00
1293.26,2.00,2.01,2.93,2.94,-3.03,-3.02,-1.91,-1.03,-1.02,-0.93
1306.19,2.03,2.04,2.90,2.90,-3.02,-2.97,-1.88,-0.99,-0.98,-0.87
1319.25,2.14,2.15,2.94,2.94,-2.99,-2.91,-1.86,-0.85,-0.85,-0.80
1332.45,2.26,2.25,2.99,2.98,-2.95,-2.84,-1.84,-0.69,-0.70,-0.73
1345.77,2.34,2.33,3.00,2.99,-2.90,-2.76,-1.81,-0.56,-0.56,-0.66
1359.23,2.37,2.37,2.96,2.95,-2.85,-2.68,-1.79,-0.48,-0.48,-0.59
1372.82,2.35,2.33,2.86,2.84,-2.79,-2.60,-1.78,-0.44,-0.46,-0.51
1386.55,2.27,2.25,2.71,2.69,-2.71,-2.52,-1.76,-0.44,-0.46,-0.44
1400.41,2.13,2.20,2.50,2.56,-2.63,-2.43,-1.74,-0.50,-0.43,-0.37
1414.42,2.17,2.17,2.47,2.46,-2.53,-2.35,-1.73,-0.36,-0.37,-0.30
1428.56,2.20,2.16,2.42,2.38,-2.43,-2.27,-1.71,-0.23,-0.27,-0.22
1442.85,2.16,2.18,2.31,2.32,-2.32,-2.19,-1.70,-0.16,-0.15,-0.15
1457.28,2.14,2.17,2.22,2.24,-2.21,-2.11,-1.69,-0.07,-0.05,-0.08
1471.85,2.17,2.15,2.18,2.15,-2.10,-2.03,-1.68,0.07,0.05,-0.01
1486.57,2.12,2.11,2.06,2.04,-1.97,-1.96,-1.67,0.15,0.14,0.06
1501.43,2.04,2.04,1.90,1.89,-1.83,-1.88,-1.67,0.21,0.21,0.14
1516.45,1.94,1.95,1.71,1.72,-1.70,-1.80,-1.66,0.24,0.24,0.23
1531.61,1.86,1.87,1.55,1.55,-1.60,-1.72,-1.66,0.26,0.27,0.31
1546.93,1.82,1.81,1.42,1.40,-1.52,-1.64,-1.65,0.30,0.29,0.40
1562.40,1.80,1.79,1.31,1.30,-1.47,-1.56,-1.65,0.33,0.32,0.49
1578.02,1.82,1.84,1.24,1.26,-1.42,-1.48,-1.65,0.40,0.42,0.58
1593.80,1.96,2.03,1.30,1.36,-1.36,-1.40,-1.65,0.60,0.67,0.66
1609.74,2.20,2.21,1.44,1.45,-1.28,-1.31,-1.65,0.92,0.93,0.76
1625.84,2.48,2.29,1.62,1.43,-1.20,-1.22,-1.65,1.28,1.09,0.86
1642.10,2.19,2.25,1.23,1.28,-1.09,-1.13,-1.65,1.10,1.16,0.96
1658.52,2.00,2.06,0.93,0.99,-0.96,-1.03,-1.66,1.04,1.11,1.07
1675.10,1.90,1.83,0.73,0.65,-0.79,-0.93,-1.66,1.11,1.03,1.17
1691.85,1.68,1.73,0.41,0.45,-0.59,-0.82,-1.66,1.09,1.14,1.27
1708.77,1.64,1.72,0.26,0.34,-0.38,-0.71,-1.66,1.26,1.34,1.38
1725.86,1.78,1.73,0.29,0.24,-0.20,-0.59,-1.66,1.58,1.54,1.49
1743.12,1.81,1.68,0.20,0.07,-0.06,-0.47,-1.66,1.75,1.62,1.61
1760.55,1.64,1.67,-0.08,-0.06,0.03,-0.34,-1.66,1.67,1.70,1.72
1778.15,1.46,1.66,-0.38,-0.18,0.09,-0.21,-1.66,1.55,1.75,1.84
1795.94,1.88,1.71,-0.07,-0.24,0.13,-0.07,-1.66,2.01,1.84,1.95
1813.90,1.91,1.94,-0.16,-0.13,0.17,0.07,-1.65,2.08,2.11,2.07
1832.03,2.02,2.14,-0.17,-0.06,0.19,0.21,-1.65,2.21,2.33,2.19
1850.36,2.40,2.16,0.08,-0.16,0.20,0.35,-1.64,2.60,2.35,2.32
1868.86,2.13,2.16,-0.31,-0.28,0.22,0.49,-1.63,2.35,2.38,2.44
1887.55,2.09,2.31,-0.47,-0.25,0.27,0.62,-1.62,2.36,2.58,2.56
1906.42,2.33,2.37,-0.35,-0.31,0.34,0.74,-1.60,2.67,2.71,2.68
1925.49,2.87,2.48,0.06,-0.33,0.42,0.85,-1.58,3.29,2.90,2.81
1944.74,2.32,2.53,-0.62,-0.41,0.51,0.95,-1.56,2.83,3.04,2.94
1964.19,2.38,2.47,-0.69,-0.61,0.58,1.01,-1.54,2.96,3.05,3.07
1983.83,2.50,2.37,-0.69,-0.82,0.65,1.07,-1.51,3.15,3.02,3.19
2003.67,2.46,2.50,-0.86,-0.81,0.72,1.09,-1.48,3.18,3.22,3.32
2023.71,2.57,2.66,-0.85,-0.77,0.79,1.09,-1.45,3.36,3.45,3.42
2043.94,2.81,2.75,-0.72,-0.79,0.84,1.06,-1.41,3.65,3.59,3.53
2064.38,2.99,2.84,-0.65,-0.80,0.89,1.01,-1.37,3.88,3.72,3.64
2085.03,2.72,2.91,-1.02,-0.84,0.91,0.92,-1.33,3.63,3.82,3.74
2105.88,2.94,2.90,-0.91,-0.95,0.93,0.83,-1.28,3.87,3.82,3.85
2126.94,3.07,3.00,-0.88,-0.95,0.94,0.71,-1.23,4.01,3.94,3.95
2148.20,3.03,3.19,-1.03,-0.87,0.93,0.58,-1.18,3.96,4.12,4.06
2169.69,3.46,3.27,-0.70,-0.89,0.89,0.43,-1.13,4.35,4.16,4.16
2191.38,3.41,3.43,-0.85,-0.83,0.78,0.29,-1.07,4.19,4.21,4.26
2213.30,3.52,3.66,-0.84,-0.70,0.60,0.13,-1.01,4.12,4.26,4.36
2235.43,4.02,3.92,-0.45,-0.55,0.36,-0.02,-0.95,4.38,4.28,4.47
2257.78,4.36,4.38,-0.21,-0.19,0.07,-0.18,-0.88,4.43,4.46,4.57
2280.36,4.83,4.90,0.17,0.24,-0.24,-0.34,-0.81,4.59,4.67,4.66
2303.17,5.47,5.39,0.71,0.63,-0.56,-0.49,-0.75,4.91,4.84,4.76
2326.20,5.88,5.87,1.02,1.01,-0.87,-0.65,-0.68,5.00,5.00,4.86
2349.46,6.25,6.25,1.29,1.30,-1.15,-0.80,-0.60,5.10,5.10,4.96
2372.95,6.53,6.53,1.49,1.49,-1.38,-0.95,-0.53,5.15,5.15,5.04
2396.68,6.76,6.77,1.64,1.65,-1.57,-1.11,-0.45,5.19,5.20,5.12
2420.65,6.96,6.96,1.77,1.76,-1.72,-1.26,-0.38,5.24,5.24,5.19
2444.86,7.10,7.07,1.83,1.80,-1.85,-1.41,-0.30,5.25,5.22,5.27
2469.31,7.21,7.18,1.87,1.84,-1.97,-1.56,-0.22,5.24,5.21,5.34
2494.00,7.27,7.37,1.85,1.95,-2.10,-1.72,-0.14,5.17,5.27,5.42
2518.94,7.63,7.65,2.14,2.16,-2.25,-1.88,-0.06,5.38,5.40,5.49
2544.13,8.04,7.98,2.49,2.42,-2.42,-2.04,0.02,5.62,5.56,5.55
2569.57,8.31,8.29,2.70,2.67,-2.61,-2.21,0.11,5.70,5.68,5.61
2595.27,8.51,8.50,2.83,2.82,-2.80,-2.38,0.19,5.71,5.70,5.68
2621.22,8.67,8.70,2.93,2.96,-2.96,-2.55,0.27,5.71,5.74,5.74
2647.43,8.86,8.94,3.06,3.14,-3.09,-2.72,0.36,5.77,5.85,5.80
2673.90,9.20,9.13,3.34,3.27,-3.18,-2.89,0.45,6.02,5.96,5.86
2700.64,9.34,9.26,3.43,3.34,-3.22,-3.06,0.53,6.12,6.03,5.91
2727.65,9.22,9.28,3.25,3.31,-3.24,-3.22,0.62,5.98,6.04,5.97
2754.93,9.22,9.23,3.20,3.20,-3.25,-3.36,0.71,5.97,5.97,6.02
2782.48,9.22,9.22,3.15,3.14,-3.27,-3.48,0.80,5.95,5.95,6.07
2810.30,9.27,9.29,3.15,3.18,-3.30,-3.58,0.89,5.97,6.00,6.12
2838.40,9.41,9.40,3.25,3.24,-3.33,-3.65,0.98,6.08,6.07,6.16
2866.79,9.54,9.53,3.35,3.33,-3.38,-3.67,1.07,6.16,6.15,6.19
2895.46,9.66,9.67,3.43,3.44,-3.44,-3.66,1.16,6.22,6.23,6.23
2924.41,9.77,9.78,3.51,3.52,-3.49,-3.59,1.26,6.28,6.29,6.26
2953.65,9.87,9.86,3.58,3.57,-3.52,-3.48,1.35,6.35,6.34,6.29
2983.19,9.90,9.89,3.57,3.56,-3.50,-3.33,1.45,6.40,6.39,6.33
3013.02,9.86,9.85,3.50,3.49,-3.41,-3.14,1.54,6.45,6.44,6.36
3043.15,9.73,9.75,3.33,3.35,-3.26,-2.92,1.64,6.47,6.49,6.40
3073.58,9.56,9.54,3.13,3.11,-3.04,-2.67,1.74,6.52,6.50,6.43
3104.32,9.30,9.26,2.83,2.78,-2.78,-2.40,1.83,6.52,6.48,6.47
3135.36,8.90,8.94,2.40,2.44,-2.48,-2.12,1.93,6.42,6.46,6.50
3166.72,8.57,8.61,2.04,2.08,-2.15,-1.82,2.03,6.42,6.46,6.53
3198.38,8.32,8.28,1.78,1.73,-1.80,-1.52,2.13,6.52,6.47,6.54
3230.37,7.97,7.97,1.41,1.41,-1.45,-1.21,2.23,6.52,6.53,6.56
3262.67,7.64,7.67,1.07,1.09,-1.09,-0.90,2.33,6.55,6.58,6.57
3295.30,7.35,7.35,0.76,0.76,-0.73,-0.58,2.43,6.62,6.62,6.59
3328.25,7.04,7.01,0.44,0.41,-0.38,-0.25,2.53,6.66,6.63,6.60
3361.53,6.67,6.64,0.06,0.03,-0.03,0.08,2.63,6.64,6.62,6.61
3395.15,6.21,6.26,-0.40,-0.35,0.34,0.42,2.73,6.55,6.59,6.61
3429.10,5.87,5.87,-0.74,-0.74,0.71,0.77,2.83,6.58,6.59,6.61
3463.39,5.52,5.50,-1.08,-1.11,1.11,1.13,2.92,6.63,6.61,6.60
3498.03,5.13,5.13,-1.47,-1.48,1.53,1.51,3.02,6.66,6.66,6.60
3533.01,4.71,4.71,-1.89,-1.88,1.94,1.89,3.11,6.65,6.66,6.60
3568.34,4.28,4.27,-2.31,-2.31,2.35,2.29,3.20,6.63,6.63,6.59
3604.02,3.82,3.82,-2.74,-2.75,2.75,2.68,3.28,6.57,6.57,6.56
3640.06,3.35,3.36,-3.19,-3.18,3.13,3.08,3.37,6.48,6.49,6.54
3676.46,2.90,2.91,-3.62,-3.62,3.49,3.46,3.44,6.39,6.39,6.52
3713.22,2.45,2.45,-4.04,-4.05,3.82,3.82,3.52,6.27,6.27,6.49
3750.36,1.99,1.97,-4.48,-4.50,4.13,4.15,3.59,6.12,6.10,6.47
3787.86,1.48,1.48,-4.95,-4.95,4.43,4.45,3.65,5.91,5.92,6.43
3825.74,0.99,1.02,-5.40,-5.37,4.72,4.71,3.71,5.71,5.74,6.39
3864.00,0.60,0.59,-5.75,-5.77,4.98,4.95,3.76,5.58,5.57,6.35
3902.64,0.21,0.20,-6.10,-6.12,5.22,5.16,3.81,5.43,5.42,6.31
3941.66,-0.19,-0.16,-6.47,-6.44,5.44,5.35,3.85,5.25,5.28,6.28
3981.08,-0.52,-0.51,-6.76,-6.75,5.63,5.54,3.89,5.11,5.13,6.24
4020.89,-0.89,-0.90,-7.08,-7.09,5.79,5.72,3.92,4.90,4.89,6.19
4061.10,-1.32,-1.39,-7.45,-7.53,5.91,5.91,3.94,4.59,4.51,6.13
4101.71,-2.01,-2.05,-8.08,-8.13,5.99,6.09,3.95,3.98,3.94,6.07
4142.73,-2.70,-2.69,-8.72,-8.71,6.03,6.26,3.96,3.33,3.35,6.02
4184.15,-3.32,-3.16,-9.28,-9.13,6.05,6.42,3.97,2.73,2.88,5.96
4226.00,-3.36,-3.40,-9.26,-9.30,6.04,6.55,3.96,2.68,2.64,5.90
4268.26,-3.37,-3.40,-9.21,-9.24,6.02,6.65,3.96,2.65,2.62,5.84
4310.94,-3.33,-3.28,-9.09,-9.05,6.00,6.71,3.94,2.67,2.72,5.76
4354.05,-3.17,-3.26,-8.85,-8.94,6.00,6.73,3.93,2.83,2.74,5.68
4397.59,-3.17,-3.22,-8.78,-8.83,6.01,6.69,3.91,2.84,2.78,5.61
4441.56,-3.27,-3.15,-8.80,-8.68,6.03,6.61,3.88,2.76,2.88,5.53
4485.98,-3.00,-2.99,-8.45,-8.44,6.04,6.48,3.86,3.04,3.05,5.45
4530.84,-2.68,-2.73,-8.05,-8.10,6.05,6.33,3.83,3.37,3.32,5.37
4576.15,-2.37,-2.36,-7.65,-7.65,6.03,6.13,3.80,3.66,3.66,5.28
4621.91,-2.08,-2.03,-7.28,-7.23,5.97,5.92,3.76,3.89,3.94,5.20
4668.13,-1.69,-1.75,-6.80,-6.86,5.89,5.70,3.73,4.20,4.13,5.11
4714.81,-1.52,-1.53,-6.54,-6.56,5.76,5.46,3.70,4.24,4.23,5.02
4761.96,-1.41,-1.42,-6.35,-6.36,5.59,5.23,3.66,4.18,4.17,4.94
4809.58,-1.32,-1.34,-6.16,-6.19,5.38,5.00,3.63,4.06,4.04,4.84
4857.67,-1.25,-1.16,-6.00,-5.92,5.13,4.79,3.60,3.88,3.97,4.75
4906.25,-0.88,-0.85,-5.54,-5.50,4.85,4.58,3.57,3.97,4.00,4.66
4955.31,-0.41,-0.44,-4.97,-5.00,4.57,4.38,3.54,4.16,4.13,4.56
5004.87,0.03,-0.02,-4.44,-4.49,4.31,4.20,3.51,4.34,4.29,4.47
5054.91,0.29,0.31,-4.10,-4.08,4.09,4.03,3.48,4.38,4.40,4.39
5105.46,0.48,0.49,-3.83,-3.83,3.93,3.87,3.46,4.41,4.42,4.31
5156.52,0.58,0.52,-3.66,-3.72,3.84,3.73,3.44,4.42,4.36,4.24
5208.08,0.41,0.44,-3.75,-3.72,3.82,3.60,3.42,4.23,4.26,4.16
5260.16,0.25,0.27,-3.83,-3.81,3.88,3.49,3.40,4.13,4.15,4.08
5312.77,0.07,0.06,-3.93,-3.94,3.98,3.38,3.39,4.05,4.04,4.00
5365.89,-0.16,-0.16,-4.08,-4.08,4.11,3.30,3.38,3.95,3.96,3.92
5419.55,-0.41,-0.46,-4.25,-4.31,4.25,3.21,3.38,3.84,3.79,3.84
5473.75,-0.74,-0.76,-4.51,-4.53,4.38,3.14,3.37,3.64,3.62,3.77
5528.49,-1.10,-0.99,-4.79,-4.68,4.50,3.08,3.37,3.40,3.51,3.69
5583.77,-1.10,-1.09,-4.71,-4.71,4.61,3.03,3.38,3.51,3.52,3.61
5639.61,-1.08,-1.10,-4.63,-4.65,4.71,2.98,3.39,3.63,3.61,3.55
5696.00,-1.05,-1.12,-4.53,-4.61,4.79,2.94,3.40,3.74,3.66,3.48
5752.96,-1.25,-1.25,-4.67,-4.67,4.85,2.91,3.42,3.60,3.60,3.42
5810.49,-1.45,-1.43,-4.81,-4.79,4.88,2.89,3.44,3.43,3.45,3.36
5868.60,-1.61,-1.61,-4.91,-4.92,4.87,2.87,3.46,3.26,3.26,3.30
5927.28,-1.70,-1.71,-4.94,-4.95,4.83,2.85,3.49,3.13,3.12,3.24
5986.56,-1.72,-1.71,-4.89,-4.89,4.73,2.84,3.52,3.01,3.02,3.17
6046.42,-1.61,-1.61,-4.70,-4.71,4.57,2.84,3.56,2.96,2.96,3.09
6106.89,-1.40,-1.44,-4.40,-4.45,4.35,2.83,3.60,2.94,2.90,3.00
6167.96,-1.11,-1.19,-4.02,-4.10,4.06,2.84,3.65,2.95,2.87,2.91
6229.64,-0.84,-0.87,-3.66,-3.70,3.72,2.84,3.69,2.88,2.85,2.82
6291.93,-0.37,-0.55,-3.10,-3.30,3.37,2.85,3.75,3.00,2.82,2.73
6354.85,-0.01,-0.28,-2.66,-2.95,3.03,2.85,3.80,3.02,2.75,2.65
6418.40,0.27,-0.09,-2.30,-2.68,2.74,2.86,3.86,3.01,2.65,2.57
6482.58,0.44,0.01,-2.06,-2.51,2.51,2.87,3.92,2.95,2.52,2.50
6547.41,0.67,0.08,-1.75,-2.36,2.37,2.89,3.99,3.04,2.45,2.42
6612.88,0.91,0.10,-1.43,-2.26,2.33,2.90,4.06,3.24,2.43,2.34
6679.01,1.13,0.04,-1.13,-2.24,2.38,2.92,4.13,3.51,2.42,2.26
6745.80,1.12,-0.18,-1.06,-2.37,2.50,2.93,4.20,3.62,2.31,2.18
6813.26,0.95,-0.53,-1.14,-2.63,2.66,2.94,4.27,3.61,2.14,2.09
6881.39,0.58,-0.93,-1.41,-2.93,2.87,2.96,4.35,3.45,1.94,1.99
6950.21,0.32,-1.30,-1.58,-3.21,3.09,2.97,4.42,3.41,1.78,1.90
7019.71,0.14,-1.63,-1.67,-3.43,3.32,2.98,4.50,3.46,1.69,1.81
7089.91,0.03,-1.91,-1.69,-3.61,3.55,2.99,4.57,3.58,1.64,1.72
7160.81,-0.03,-2.17,-1.65,-3.76,3.76,3.00,4.64,3.73,1.59,1.62
7232.41,-0.05,-2.43,-1.56,-3.91,3.93,3.01,4.70,3.88,1.51,1.51
7304.74,-0.06,-2.69,-1.46,-4.05,4.08,3.01,4.77,4.02,1.39,1.40
7377.79,-0.15,-2.94,-1.44,-4.19,4.21,3.01,4.82,4.06,1.26,1.29
7451.56,-0.30,-3.19,-1.48,-4.32,4.32,3.01,4.87,4.02,1.12,1.18
7526.08,-0.46,-3.43,-1.53,-4.44,4.41,3.01,4.91,3.95,0.99,1.07
7601.34,-0.62,-3.64,-1.59,-4.53,4.50,3.00,4.95,3.88,0.86,0.97
7677.35,-0.64,-3.82,-1.51,-4.60,4.57,2.99,4.97,3.93,0.75,0.87
7754.13,-0.60,-3.99,-1.37,-4.64,4.64,2.97,4.98,4.04,0.65,0.77
7831.67,-0.28,-4.16,-0.95,-4.69,4.70,2.95,4.98,4.42,0.54,0.67
7909.98,0.04,-4.32,-0.53,-4.73,4.76,2.93,4.97,4.80,0.43,0.57
7989.08,0.35,-4.50,-0.12,-4.78,4.82,2.89,4.93,5.17,0.32,0.47
8068.98,0.68,-4.69,0.32,-4.84,4.88,2.86,4.90,5.56,0.19,0.36
8149.67,0.97,-4.89,0.72,-4.92,4.95,2.82,4.84,5.92,0.05,0.25
8231.16,1.22,-5.10,1.09,-5.00,5.01,2.78,4.78,6.23,-0.10,0.13
8313.47,0.48,-5.30,0.46,-5.08,5.06,2.72,4.69,5.54,-0.25,0.02
8396.61,-0.72,-5.48,-0.63,-5.12,5.09,2.67,4.60,4.37,-0.39,-0.09
8480.57,-2.59,-5.61,-2.39,-5.14,5.10,2.60,4.48,2.51,-0.52,-0.20
8565.38,-3.92,-5.72,-3.59,-5.11,5.08,2.53,4.37,1.16,-0.64,-0.33
8651.03,-5.96,-5.79,-5.50,-5.06,5.04,2.46,4.23,-0.92,-0.75,-0.46
8737.54,-9.56,-5.84,-8.97,-4.98,4.97,2.38,4.10,-4.59,-0.87,-0.59
8824.92,-12.80,-5.87,-12.08,-4.89,4.89,2.29,3.94,-7.91,-0.97,-0.72
8913.17,-13.40,-5.89,-12.55,-4.78,4.80,2.20,3.79,-8.60,-1.08,-0.85
9002.30,-13.01,-5.91,-12.04,-4.68,4.71,2.10,3.62,-8.30,-1.20,-0.97
9092.32,-14.43,-5.94,-13.31,-4.59,4.62,1.99,3.46,-9.82,-1.32,-1.12
9183.25,-15.49,-5.98,-14.22,-4.51,4.53,1.88,3.29,-10.96,-1.45,-1.27
9275.08,-16.26,-6.02,-14.84,-4.43,4.44,1.77,3.11,-11.82,-1.58,-1.42
9367.83,-16.62,-6.06,-15.06,-4.36,4.36,1.64,2.93,-12.26,-1.70,-1.56
9461.51,-15.52,-6.10,-13.81,-4.28,4.28,1.52,2.76,-11.24,-1.82,-1.71
9556.12,-14.39,-6.13,-12.52,-4.20,4.19,1.38,2.57,-10.20,-1.94,-1.87
9651.68,-14.08,-6.15,-12.03,-4.11,4.10,1.25,2.39,-9.98,-2.05,-2.05
9748.20,-15.22,-6.15,-13.00,-4.01,3.99,1.10,2.21,-11.23,-2.16,-2.22
9845.68,-15.96,-6.14,-13.56,-3.90,3.88,0.96,2.03,-12.08,-2.26,-2.40
9944.14,-15.90,-6.11,-13.33,-3.76,3.76,0.81,1.86,-12.14,-2.35,-2.57
10043.58,-14.84,-6.06,-12.10,-3.61,3.63,0.66,1.68,-11.21,-2.43,-2.74
10144.02,-13.07,-6.10,-10.16,-3.48,3.49,0.50,1.50,-9.58,-2.61,-2.91
10245.46,-11.39,-6.13,-8.31,-3.34,3.35,0.34,1.32,-8.04,-2.78,-3.08
10347.91,-9.89,-6.16,-6.64,-3.20,3.20,0.18,1.15,-6.69,-2.96,-3.25
10451.39,-8.63,-6.19,-5.21,-3.05,3.05,0.01,0.98,-5.58,-3.14,-3.42
10555.91,-7.62,-6.22,-4.03,-2.90,2.90,-0.15,0.80,-4.72,-3.32,-3.59
10661.46,-6.82,-6.25,-3.05,-2.74,2.74,-0.32,0.63,-4.08,-3.50,-3.77
10768.08,-6.33,-6.27,-2.36,-2.58,2.58,-0.49,0.46,-3.75,-3.69,-3.97
10875.76,-6.63,-6.29,-2.47,-2.42,2.42,-0.66,0.29,-4.21,-3.87,-4.16
10984.52,-6.53,-6.31,-2.17,-2.25,2.25,-0.83,0.12,-4.28,-4.06,-4.36
11094.36,-6.19,-6.33,-1.63,-2.07,2.07,-1.01,-0.05,-4.12,-4.25,-4.56
11205.31,-5.58,-6.34,-0.83,-1.89,1.89,-1.18,-0.22,-3.69,-4.45,-4.75
11317.36,-4.73,-6.35,0.24,-1.71,1.71,-1.35,-0.39,-3.02,-4.64,-4.97
11430.53,-3.65,-6.36,1.54,-1.52,1.52,-1.52,-0.57,-2.13,-4.84,-5.19
11544.84,-2.27,-6.37,3.13,-1.33,1.33,-1.69,-0.74,-0.94,-5.04,-5.40
11660.29,-0.87,-6.37,4.75,-1.13,1.13,-1.86,-0.92,0.26,-5.24,-5.62
11776.89,0.26,-6.37,6.10,-0.92,0.92,-2.03,-1.10,1.18,-5.45,-5.84
11894.66,0.78,-6.37,6.81,-0.72,0.72,-2.19,-1.28,1.50,-5.66,-6.03
12013.60,1.21,-6.37,7.44,-0.50,0.50,-2.36,-1.47,1.71,-5.87,-6.23
12133.74,0.99,-6.37,7.41,-0.29,0.29,-2.52,-1.66,1.28,-6.08,-6.42
12255.08,0.01,-6.36,6.62,-0.06,0.06,-2.68,-1.85,0.07,-6.29,-6.61
12377.63,-1.39,-6.35,5.41,0.16,-0.16,-2.84,-2.06,-1.55,-6.51,-6.80
12501.41,-3.06,-6.34,3.93,0.40,-0.40,-3.00,-2.26,-3.46,-6.73,-6.99
12626.42,-5.04,-6.32,2.14,0.63,-0.63,-3.15,-2.48,-5.67,-6.95,-7.18
12752.68,-7.25,-6.30,0.12,0.87,-0.87,-3.30,-2.70,-8.12,-7.18,-7.37
12880.21,-9.49,-6.28,-1.93,1.12,-1.12,-3.44,-2.94,-10.61,-7.40,-7.56
13009.01,-11.70,-6.26,-3.95,1.37,-1.37,-3.59,-3.18,-13.07,-7.63,-7.75
13139.10,-13.90,-6.24,-5.96,1.63,-1.63,-3.72,-3.44,-15.53,-7.86,-7.94
13270.49,-14.82,-6.21,-6.70,1.89,-1.89,-3.86,-3.70,-16.71,-8.10,-8.12
13403.20,-15.19,-6.18,-6.92,2.15,-2.15,-3.99,-3.99,-17.34,-8.33,-8.27
13537.23,-15.09,-6.15,-6.66,2.42,-2.42,-4.12,-4.29,-17.51,-8.57,-8.43
13672.60,-14.29,-6.12,-5.70,2.70,-2.70,-4.25,-4.61,-16.99,-8.81,-8.59
13809.33,-12.80,-6.08,-4.05,2.98,-2.98,-4.37,-4.95,-15.78,-9.06,-8.75
13947.42,-10.15,-6.04,-1.24,3.26,-3.26,-4.49,-5.31,-13.41,-9.30,-8.91
14086.90,-7.63,-6.00,1.43,3.55,-3.55,-4.60,-5.69,-11.18,-9.55,-9.06
14227.77,-5.17,-5.96,4.02,3.84,-3.84,-4.71,-6.11,-9.01,-9.80,-9.19
14370.04,-3.12,-5.91,6.21,4.14,-4.14,-4.82,-6.54,-7.26,-10.05,-9.33
14513.74,-1.54,-5.87,7.93,4.44,-4.44,-4.92,-7.02,-5.98,-10.31,-9.47
14658.88,-0.56,-5.82,9.04,4.75,-4.75,-5.02,-7.51,-5.31,-10.57,-9.60
14805.47,0.12,-5.76,9.86,5.06,-5.06,-5.12,-8.05,-4.94,-10.83,-9.74
14953.52,0.30,-5.71,10.18,5.38,-5.38,-5.21,-8.60,-5.08,-11.09,-9.88
15103.06,0.20,-5.65,10.25,5.70,-5.70,-5.30,-9.18,-5.50,-11.35,-10.05
15254.09,-0.02,-5.59,10.21,6.03,-6.03,-5.39,-9.76,-6.05,-11.62,-10.23
15406.63,0.08,-5.53,10.49,6.36,-6.36,-5.47,-10.33,-6.28,-11.89,-10.41
15560.70,0.49,-5.46,11.09,6.70,-6.70,-5.55,-10.85,-6.21,-12.16,-10.60
15716.30,1.39,-5.40,12.17,7.04,-7.04,-5.62,-11.26,-5.65,-12.43,-10.78
15873.47,2.90,-5.33,13.86,7.38,-7.38,-5.69,-11.55,-4.48,-12.71,-10.96
16032.20,4.63,-5.26,15.80,7.73,-7.73,-5.76,-11.60,-3.10,-12.99,-11.17
16192.52,6.60,-5.18,18.06,8.09,-8.09,-5.83,-11.49,-1.49,-13.27,-11.46
16354.45,7.11,-5.11,18.86,8.45,-8.45,-5.89,-11.10,-1.34,-13.55,-11.75
16517.99,6.56,-5.03,18.60,8.81,-8.81,-5.95,-10.60,-2.25,-13.84,-12.04
16683.17,4.09,-4.95,16.42,9.18,-9.18,-6.01,-9.92,-5.09,-14.13,-12.33
16850.01,1.54,-4.86,14.16,9.56,-9.56,-6.06,-9.21,-8.02,-14.42,-12.62
17018.51,-1.04,-4.78,11.89,9.94,-9.94,-6.11,-8.44,-10.98,-14.71,-12.93
17188.69,-3.40,-4.69,10.01,10.32,-10.32,-6.16,-7.69,-13.72,-15.01,-13.41
17360.58,-5.65,-4.60,8.23,10.71,-10.71,-6.21,-6.96,-16.36,-15.30,-13.88
17534.18,-7.59,-4.50,6.77,11.10,-11.10,-6.25,-6.26,-18.69,-15.60,-14.36
17709.53,-8.56,-4.41,6.27,11.50,-11.50,-6.29,-5.61,-20.06,-15.91,-14.83
17886.62,-8.27,-4.31,7.04,11.90,-11.90,-6.33,-5.00,-20.17,-16.21,-15.31
18065.49,-7.46,-4.21,8.42,12.31,-12.31,-6.37,-4.44,-19.77,-16.52,-15.88
18246.14,-6.37,-4.11,10.25,12.72,-12.72,-6.40,-3.92,-19.09,-16.83,-16.62
18428.60,-5.77,-4.00,11.59,13.14,-13.14,-6.44,-3.45,-18.91,-17.14,-17.36
18612.89,-5.60,-3.90,12.51,13.56,-13.56,-6.47,-3.01,-19.16,-17.45,-18.11
18799.02,-5.82,-3.79,13.03,13.98,-13.98,-6.49,-2.62,-19.80,-17.77,-18.85
18987.01,-6.42,-3.67,13.17,14.42,-14.42,-6.52,-2.25,-20.84,-18.09,-19.59
19176.88,-7.35,-3.56,13.28,14.85,-14.85,-6.55,-1.93,-22.20,-18.41,-20.63
19368.65,-8.55,-3.44,13.15,15.29,-15.29,-6.57,-1.64,-23.84,-18.74,-21.70
19562.33,-10.03,-3.32,12.73,15.74,-15.74,-6.59,-1.38,-25.77,-19.06,-22.76
19757.96,-11.82,-3.20,12.01,16.19,-16.19,-6.61,-1.12,-28.01,-19.39,-23.83
19955.54,-13.61,-3.08,11.28,16.64,-16.64,-6.63,-0.86,-30.25,-19.72,-24.89
