frequency,raw,error,smoothed,error_smoothed,equalization,parametric_eq,fixed_band_eq,equalized_raw,equalized_smoothed,target
20.00,-1.99,-5.09,-2.00,-5.11,5.15,4.68,0.82,3.16,3.15,3.11
20.20,-1.95,-5.08,-1.93,-5.07,5.07,4.60,0.84,3.12,3.14,3.14
20.40,-1.85,-5.02,-1.84,-5.00,4.99,4.53,0.87,3.13,3.15,3.17
20.61,-1.73,-4.92,-1.74,-4.93,4.90,4.46,0.89,3.17,3.16,3.19
20.81,-1.61,-4.83,-1.61,-4.83,4.81,4.38,0.92,3.19,3.20,3.22
21.02,-1.49,-4.73,-1.49,-4.73,4.72,4.31,0.95,3.23,3.22,3.25
21.23,-1.38,-4.63,-1.37,-4.63,4.62,4.24,0.98,3.24,3.25,3.26
21.44,-1.26,-4.53,-1.25,-4.52,4.52,4.16,1.01,3.26,3.27,3.27
21.66,-1.12,-4.39,-1.13,-4.40,4.41,4.09,1.04,3.29,3.29,3.27
21.87,-1.00,-4.28,-1.01,-4.29,4.30,4.01,1.07,3.30,3.29,3.27
22.09,-0.90,-4.18,-0.90,-4.18,4.19,3.94,1.11,3.30,3.29,3.28
22.31,-0.81,-4.10,-0.81,-4.09,4.08,3.86,1.14,3.27,3.28,3.28
22.54,-0.71,-3.99,-0.70,-3.99,3.98,3.79,1.18,3.27,3.28,3.28
22.76,-0.60,-3.88,-0.60,-3.88,3.87,3.71,1.21,3.28,3.27,3.28
22.99,-0.49,-3.76,-0.49,-3.77,3.77,3.64,1.25,3.28,3.28,3.27
23.22,-0.40,-3.67,-0.39,-3.66,3.67,3.56,1.29,3.27,3.28,3.27
23.45,-0.29,-3.56,-0.29,-3.56,3.56,3.49,1.32,3.27,3.27,3.27
23.69,-0.19,-3.46,-0.18,-3.45,3.45,3.41,1.36,3.26,3.27,3.27
23.92,-0.07,-3.34,-0.07,-3.35,3.34,3.34,1.40,3.27,3.27,3.27
24.16,0.03,-3.24,0.03,-3.24,3.23,3.26,1.44,3.27,3.27,3.28
24.40,0.15,-3.13,0.15,-3.13,3.12,3.19,1.48,3.27,3.27,3.28
24.65,0.25,-3.01,0.26,-3.01,3.02,3.11,1.52,3.27,3.27,3.27
24.89,0.37,-2.90,0.36,-2.90,2.91,3.04,1.56,3.27,3.27,3.26
25.14,0.46,-2.80,0.46,-2.80,2.80,2.96,1.61,3.27,3.27,3.26
25.39,0.56,-2.71,0.56,-2.70,2.70,2.89,1.65,3.26,3.26,3.26
25.65,0.66,-2.60,0.66,-2.60,2.60,2.81,1.69,3.26,3.26,3.26
25.91,0.75,-2.50,0.75,-2.50,2.50,2.74,1.73,3.26,3.26,3.25
26.16,0.84,-2.41,0.84,-2.41,2.41,2.66,1.77,3.25,3.25,3.25
26.43,0.94,-2.31,0.93,-2.32,2.32,2.59,1.81,3.26,3.25,3.25
26.69,1.00,-2.24,1.02,-2.23,2.23,2.52,1.85,3.23,3.24,3.25
26.96,1.11,-2.13,1.10,-2.15,2.14,2.44,1.89,3.25,3.24,3.25
27.23,1.17,-2.07,1.18,-2.06,2.05,2.37,1.93,3.22,3.24,3.24
27.50,1.27,-1.97,1.27,-1.97,1.97,2.29,1.96,3.24,3.24,3.24
27.77,1.35,-1.88,1.35,-1.88,1.89,2.22,2.00,3.24,3.24,3.23
28.05,1.43,-1.80,1.43,-1.80,1.81,2.15,2.03,3.24,3.24,3.23
28.33,1.49,-1.72,1.50,-1.72,1.73,2.08,2.06,3.22,3.23,3.22
28.62,1.56,-1.65,1.56,-1.65,1.66,2.01,2.09,3.22,3.22,3.22
28.90,1.62,-1.59,1.62,-1.59,1.59,1.93,2.11,3.21,3.21,3.22
29.19,1.68,-1.52,1.69,-1.52,1.52,1.86,2.13,3.20,3.21,3.20
29.48,1.74,-1.47,1.75,-1.46,1.46,1.79,2.15,3.20,3.21,3.21
29.78,1.80,-1.40,1.80,-1.40,1.40,1.72,2.17,3.21,3.21,3.20
30.08,1.85,-1.35,1.85,-1.35,1.35,1.65,2.18,3.20,3.20,3.20
30.38,1.89,-1.29,1.89,-1.30,1.30,1.58,2.19,3.20,3.19,3.19
30.68,1.92,-1.26,1.93,-1.25,1.26,1.52,2.19,3.18,3.19,3.18
30.99,1.96,-1.21,1.96,-1.21,1.21,1.45,2.19,3.18,3.17,3.17
31.30,2.00,-1.17,1.99,-1.18,1.17,1.38,2.18,3.18,3.17,3.17
31.61,2.01,-1.15,2.03,-1.13,1.13,1.32,2.18,3.15,3.16,3.17
31.93,2.06,-1.09,2.06,-1.10,1.10,1.25,2.16,3.16,3.16,3.16
32.24,2.10,-1.04,2.09,-1.06,1.06,1.19,2.15,3.16,3.15,3.14
32.57,2.11,-1.03,2.13,-1.01,1.02,1.12,2.13,3.13,3.14,3.14
32.89,2.15,-0.98,2.15,-0.98,0.98,1.06,2.10,3.13,3.13,3.14
33.22,2.19,-0.93,2.19,-0.94,0.93,1.00,2.08,3.13,3.12,3.13
33.55,2.22,-0.90,2.23,-0.89,0.89,0.94,2.04,3.11,3.12,3.12
33.89,2.27,-0.84,2.27,-0.84,0.84,0.88,2.01,3.12,3.12,3.11
34.23,2.31,-0.79,2.31,-0.80,0.80,0.82,1.97,3.11,3.11,3.11
34.57,2.34,-0.75,2.34,-0.75,0.75,0.76,1.93,3.09,3.09,3.09
34.92,2.37,-0.71,2.38,-0.70,0.70,0.70,1.89,3.08,3.08,3.08
35.27,2.42,-0.65,2.42,-0.65,0.65,0.64,1.85,3.08,3.07,3.08
35.62,2.46,-0.60,2.46,-0.60,0.60,0.59,1.80,3.07,3.06,3.06
35.97,2.49,-0.56,2.50,-0.55,0.55,0.53,1.75,3.05,3.06,3.05
36.33,2.54,-0.50,2.54,-0.51,0.51,0.48,1.70,3.05,3.04,3.05
36.70,2.57,-0.46,2.57,-0.46,0.46,0.43,1.65,3.03,3.03,3.03
37.06,2.60,-0.41,2.62,-0.41,0.41,0.38,1.60,3.01,3.02,3.02
37.43,2.66,-0.35,2.65,-0.36,0.36,0.33,1.54,3.02,3.01,3.01
37.81,2.69,-0.31,2.69,-0.31,0.31,0.28,1.49,3.00,3.00,3.00
38.19,2.72,-0.26,2.73,-0.26,0.26,0.23,1.43,2.98,2.99,2.99
38.57,2.76,-0.22,2.76,-0.22,0.21,0.19,1.38,2.98,2.98,2.98
38.95,2.80,-0.16,2.80,-0.17,0.17,0.14,1.32,2.97,2.97,2.97
39.34,2.81,-0.14,2.82,-0.13,0.13,0.10,1.27,2.94,2.95,2.95
39.74,2.85,-0.08,2.85,-0.09,0.09,0.06,1.21,2.94,2.94,2.94
40.14,2.86,-0.07,2.87,-0.06,0.05,0.02,1.15,2.92,2.92,2.93
40.54,2.90,-0.01,2.90,-0.02,0.02,-0.02,1.10,2.93,2.92,2.91
40.94,2.90,-0.00,2.92,0.01,-0.00,-0.06,1.04,2.90,2.91,2.91
41.35,2.94,0.05,2.93,0.04,-0.03,-0.09,0.99,2.92,2.91,2.89
41.76,2.94,0.06,2.94,0.06,-0.05,-0.13,0.93,2.90,2.90,2.89
42.18,2.94,0.06,2.95,0.07,-0.07,-0.16,0.88,2.88,2.88,2.88
42.60,2.94,0.08,2.94,0.07,-0.09,-0.19,0.83,2.86,2.86,2.86
43.03,2.94,0.09,2.94,0.09,-0.11,-0.22,0.77,2.84,2.84,2.86
43.46,2.94,0.11,2.95,0.11,-0.13,-0.25,0.72,2.82,2.82,2.84
43.90,2.96,0.15,2.96,0.14,-0.15,-0.27,0.67,2.81,2.81,2.81
44.33,2.96,0.17,2.97,0.18,-0.17,-0.30,0.61,2.79,2.80,2.79
44.78,2.98,0.21,2.98,0.21,-0.20,-0.32,0.56,2.79,2.78,2.78
45.23,2.99,0.24,2.99,0.23,-0.22,-0.35,0.51,2.77,2.77,2.76
45.68,2.99,0.26,3.00,0.26,-0.25,-0.37,0.46,2.75,2.75,2.74
46.13,2.99,0.27,2.99,0.27,-0.27,-0.39,0.41,2.73,2.73,2.72
46.60,2.99,0.28,2.99,0.29,-0.29,-0.41,0.36,2.71,2.71,2.71
47.06,2.99,0.30,2.99,0.30,-0.31,-0.43,0.32,2.69,2.69,2.69
47.53,2.99,0.32,2.99,0.32,-0.33,-0.44,0.27,2.66,2.66,2.67
48.01,2.99,0.33,2.99,0.34,-0.35,-0.46,0.22,2.64,2.64,2.66
48.49,2.99,0.36,2.99,0.36,-0.37,-0.47,0.17,2.62,2.62,2.63
48.97,2.99,0.40,2.99,0.39,-0.39,-0.48,0.13,2.60,2.60,2.60
49.46,2.99,0.43,3.00,0.43,-0.41,-0.49,0.08,2.58,2.58,2.57
49.96,2.99,0.46,2.99,0.45,-0.44,-0.50,0.03,2.56,2.56,2.54
50.46,2.99,0.47,2.98,0.46,-0.46,-0.51,-0.01,2.54,2.52,2.52
50.96,2.94,0.44,2.96,0.47,-0.47,-0.52,-0.05,2.47,2.49,2.50
51.47,2.94,0.48,2.95,0.48,-0.49,-0.53,-0.10,2.46,2.46,2.47
51.99,2.94,0.50,2.94,0.49,-0.50,-0.53,-0.14,2.45,2.44,2.44
52.51,2.94,0.51,2.94,0.51,-0.51,-0.54,-0.18,2.44,2.43,2.43
53.03,2.92,0.52,2.92,0.52,-0.51,-0.54,-0.22,2.41,2.41,2.41
53.56,2.90,0.52,2.91,0.52,-0.52,-0.55,-0.27,2.39,2.39,2.38
54.10,2.87,0.52,2.87,0.52,-0.52,-0.55,-0.31,2.35,2.35,2.36
54.64,2.85,0.52,2.85,0.52,-0.52,-0.55,-0.34,2.33,2.32,2.33
55.18,2.80,0.50,2.82,0.52,-0.52,-0.55,-0.38,2.28,2.30,2.30
55.74,2.80,0.53,2.79,0.51,-0.51,-0.56,-0.42,2.29,2.28,2.28
56.29,2.76,0.51,2.76,0.50,-0.50,-0.56,-0.46,2.26,2.26,2.26
56.86,2.71,0.48,2.73,0.50,-0.49,-0.56,-0.49,2.23,2.24,2.23
57.42,2.68,0.48,2.68,0.47,-0.47,-0.56,-0.52,2.21,2.21,2.20
58.00,2.64,0.46,2.64,0.46,-0.46,-0.56,-0.56,2.19,2.18,2.18
58.58,2.59,0.43,2.60,0.44,-0.44,-0.56,-0.59,2.15,2.16,2.16
59.16,2.56,0.42,2.56,0.42,-0.42,-0.56,-0.62,2.14,2.14,2.14
59.76,2.52,0.40,2.52,0.40,-0.41,-0.55,-0.65,2.11,2.11,2.12
60.35,2.48,0.39,2.49,0.40,-0.40,-0.55,-0.67,2.08,2.09,2.09
60.96,2.45,0.39,2.45,0.39,-0.39,-0.55,-0.70,2.06,2.06,2.07
61.57,2.42,0.40,2.42,0.39,-0.39,-0.55,-0.72,2.03,2.02,2.02
62.18,2.38,0.39,2.39,0.39,-0.40,-0.55,-0.75,1.99,1.99,1.99
62.80,2.35,0.39,2.36,0.40,-0.40,-0.55,-0.77,1.95,1.96,1.97
63.43,2.34,0.41,2.35,0.42,-0.41,-0.55,-0.79,1.93,1.93,1.93
64.07,2.34,0.44,2.34,0.43,-0.43,-0.55,-0.81,1.92,1.91,1.90
64.71,2.33,0.46,2.32,0.45,-0.44,-0.55,-0.83,1.89,1.88,1.88
65.35,2.29,0.44,2.31,0.46,-0.46,-0.55,-0.84,1.83,1.85,1.85
66.01,2.29,0.47,2.29,0.47,-0.48,-0.55,-0.86,1.81,1.81,1.82
66.67,2.29,0.50,2.29,0.50,-0.50,-0.55,-0.87,1.79,1.79,1.79
67.33,2.29,0.53,2.29,0.53,-0.52,-0.56,-0.89,1.77,1.77,1.76
68.01,2.29,0.56,2.28,0.54,-0.54,-0.56,-0.90,1.75,1.74,1.73
68.69,2.24,0.54,2.26,0.56,-0.56,-0.56,-0.91,1.68,1.70,1.70
69.37,2.24,0.57,2.25,0.58,-0.58,-0.57,-0.92,1.66,1.67,1.67
70.07,2.24,0.61,2.24,0.60,-0.60,-0.57,-0.93,1.64,1.64,1.64
70.77,2.24,0.63,2.23,0.62,-0.62,-0.58,-0.94,1.62,1.61,1.61
71.48,2.20,0.63,2.22,0.64,-0.64,-0.58,-0.95,1.56,1.57,1.58
72.19,2.20,0.66,2.21,0.67,-0.66,-0.59,-0.96,1.54,1.55,1.54
72.91,2.20,0.70,2.20,0.69,-0.69,-0.60,-0.97,1.52,1.51,1.51
73.64,2.20,0.73,2.19,0.71,-0.71,-0.60,-0.98,1.49,1.48,1.47
74.38,2.15,0.71,2.17,0.73,-0.73,-0.61,-0.98,1.42,1.44,1.44
75.12,2.15,0.75,2.16,0.75,-0.75,-0.62,-0.99,1.40,1.41,1.40
75.87,2.15,0.78,2.15,0.77,-0.77,-0.63,-1.00,1.38,1.37,1.37
76.63,2.15,0.81,2.14,0.79,-0.79,-0.65,-1.01,1.36,1.34,1.34
77.40,2.10,0.79,2.12,0.81,-0.81,-0.66,-1.02,1.29,1.31,1.31
78.17,2.10,0.83,2.10,0.83,-0.83,-0.67,-1.03,1.28,1.28,1.27
78.95,2.10,0.85,2.09,0.84,-0.84,-0.69,-1.04,1.26,1.25,1.25
79.74,2.06,0.85,2.07,0.86,-0.86,-0.70,-1.05,1.21,1.22,1.22
80.54,2.06,0.88,2.05,0.87,-0.87,-0.72,-1.06,1.19,1.18,1.18
81.35,2.01,0.87,2.03,0.88,-0.88,-0.74,-1.08,1.13,1.15,1.15
82.16,2.01,0.90,2.01,0.89,-0.90,-0.75,-1.09,1.12,1.11,1.11
82.98,1.99,0.91,1.99,0.91,-0.91,-0.77,-1.10,1.08,1.08,1.09
83.81,1.96,0.93,1.97,0.93,-0.93,-0.79,-1.12,1.03,1.04,1.04
84.65,1.96,0.96,1.95,0.95,-0.95,-0.81,-1.13,1.01,1.00,1.00
85.50,1.92,0.95,1.94,0.97,-0.97,-0.84,-1.15,0.96,0.97,0.97
86.35,1.92,0.99,1.92,0.99,-0.99,-0.86,-1.17,0.94,0.93,0.93
87.22,1.92,1.03,1.91,1.01,-1.01,-0.88,-1.19,0.91,0.90,0.89
88.09,1.87,1.02,1.89,1.03,-1.03,-0.91,-1.21,0.84,0.86,0.85
88.97,1.87,1.05,1.87,1.05,-1.05,-0.93,-1.23,0.82,0.81,0.82
89.86,1.84,1.06,1.85,1.07,-1.08,-0.96,-1.25,0.77,0.77,0.78
90.76,1.82,1.10,1.83,1.10,-1.10,-0.98,-1.27,0.73,0.73,0.73
91.66,1.82,1.13,1.81,1.12,-1.12,-1.01,-1.29,0.71,0.70,0.70
92.58,1.78,1.14,1.79,1.15,-1.14,-1.04,-1.32,0.65,0.65,0.64
93.51,1.78,1.18,1.77,1.17,-1.16,-1.07,-1.34,0.62,0.61,0.61
94.44,1.73,1.17,1.74,1.18,-1.19,-1.10,-1.37,0.55,0.56,0.56
95.39,1.73,1.21,1.72,1.20,-1.21,-1.13,-1.39,0.52,0.51,0.52
96.34,1.68,1.22,1.70,1.23,-1.24,-1.16,-1.42,0.45,0.46,0.47
97.30,1.68,1.26,1.68,1.26,-1.26,-1.19,-1.45,0.42,0.42,0.42
98.28,1.67,1.30,1.66,1.29,-1.29,-1.22,-1.48,0.38,0.37,0.37
99.26,1.64,1.31,1.66,1.33,-1.32,-1.25,-1.51,0.32,0.34,0.33
100.25,1.64,1.36,1.64,1.35,-1.35,-1.29,-1.54,0.29,0.28,0.28
101.25,1.62,1.39,1.62,1.38,-1.38,-1.32,-1.57,0.24,0.24,0.24
102.27,1.59,1.40,1.61,1.42,-1.41,-1.35,-1.60,0.18,0.19,0.19
103.29,1.59,1.46,1.59,1.44,-1.44,-1.39,-1.63,0.15,0.14,0.13
104.32,1.57,1.48,1.57,1.47,-1.48,-1.42,-1.67,0.10,0.09,0.10
105.37,1.54,1.49,1.56,1.51,-1.51,-1.45,-1.70,0.04,0.05,0.05
106.42,1.54,1.54,1.54,1.54,-1.54,-1.49,-1.73,0.00,0.00,0.01
107.48,1.54,1.58,1.53,1.57,-1.57,-1.52,-1.76,-0.03,-0.04,-0.04
108.56,1.50,1.60,1.52,1.61,-1.61,-1.56,-1.79,-0.10,-0.09,-0.10
109.64,1.50,1.65,1.50,1.64,-1.64,-1.59,-1.83,-0.14,-0.14,-0.14
110.74,1.49,1.68,1.48,1.67,-1.67,-1.63,-1.86,-0.18,-0.19,-0.19
111.85,1.45,1.69,1.47,1.71,-1.71,-1.66,-1.89,-0.25,-0.24,-0.23
112.97,1.45,1.75,1.44,1.74,-1.74,-1.70,-1.92,-0.29,-0.30,-0.30
114.10,1.42,1.77,1.43,1.77,-1.78,-1.73,-1.94,-0.35,-0.35,-0.35
115.24,1.40,1.80,1.41,1.81,-1.81,-1.77,-1.97,-0.41,-0.40,-0.40
116.39,1.40,1.86,1.39,1.85,-1.84,-1.80,-2.00,-0.44,-0.45,-0.45
117.55,1.36,1.87,1.37,1.88,-1.88,-1.84,-2.02,-0.51,-0.50,-0.51
118.73,1.36,1.93,1.35,1.91,-1.91,-1.87,-2.04,-0.54,-0.56,-0.56
119.92,1.31,1.92,1.33,1.94,-1.94,-1.90,-2.06,-0.62,-0.61,-0.61
121.12,1.31,1.97,1.31,1.97,-1.97,-1.94,-2.08,-0.65,-0.66,-0.66
122.33,1.29,2.00,1.29,1.99,-2.00,-1.97,-2.10,-0.70,-0.71,-0.71
123.55,1.26,2.02,1.27,2.03,-2.03,-2.00,-2.12,-0.76,-0.76,-0.75
124.79,1.25,2.06,1.25,2.05,-2.06,-2.03,-2.13,-0.80,-0.81,-0.80
126.03,1.22,2.08,1.23,2.08,-2.09,-2.07,-2.14,-0.86,-0.86,-0.85
127.29,1.22,2.13,1.21,2.12,-2.12,-2.10,-2.15,-0.89,-0.91,-0.90
128.57,1.17,2.14,1.19,2.15,-2.15,-2.13,-2.16,-0.97,-0.96,-0.96
129.85,1.17,2.19,1.17,2.18,-2.18,-2.16,-2.17,-1.00,-1.01,-1.01
131.15,1.15,2.21,1.15,2.21,-2.21,-2.19,-2.18,-1.05,-1.06,-1.06
132.46,1.12,2.23,1.13,2.24,-2.24,-2.22,-2.18,-1.11,-1.10,-1.11
133.79,1.12,2.27,1.11,2.27,-2.26,-2.25,-2.18,-1.14,-1.15,-1.14
135.12,1.08,2.28,1.09,2.28,-2.29,-2.27,-2.18,-1.20,-1.20,-1.20
136.48,1.08,2.32,1.07,2.31,-2.31,-2.30,-2.18,-1.23,-1.24,-1.24
137.84,1.03,2.31,1.05,2.33,-2.33,-2.33,-2.18,-1.30,-1.29,-1.28
139.22,1.03,2.37,1.03,2.35,-2.35,-2.35,-2.18,-1.32,-1.33,-1.33
140.61,1.00,2.38,1.00,2.37,-2.37,-2.38,-2.18,-1.37,-1.37,-1.38
142.02,0.98,2.38,0.99,2.39,-2.39,-2.40,-2.18,-1.40,-1.40,-1.40
143.44,0.96,2.40,0.96,2.40,-2.40,-2.42,-2.17,-1.44,-1.44,-1.44
144.87,0.94,2.42,0.94,2.42,-2.41,-2.45,-2.17,-1.47,-1.47,-1.48
146.32,0.90,2.42,0.91,2.43,-2.43,-2.47,-2.17,-1.52,-1.52,-1.52
147.78,0.89,2.44,0.88,2.44,-2.44,-2.49,-2.16,-1.55,-1.55,-1.55
149.26,0.84,2.43,0.86,2.45,-2.45,-2.51,-2.16,-1.61,-1.59,-1.59
150.75,0.84,2.48,0.84,2.46,-2.46,-2.53,-2.16,-1.62,-1.63,-1.63
152.26,0.80,2.47,0.81,2.48,-2.48,-2.54,-2.16,-1.67,-1.67,-1.67
153.78,0.79,2.50,0.79,2.50,-2.49,-2.56,-2.16,-1.70,-1.70,-1.70
155.32,0.75,2.50,0.76,2.51,-2.51,-2.58,-2.16,-1.76,-1.75,-1.75
156.88,0.75,2.54,0.74,2.53,-2.53,-2.59,-2.16,-1.77,-1.79,-1.78
158.44,0.70,2.53,0.72,2.54,-2.54,-2.60,-2.17,-1.84,-1.83,-1.83
160.03,0.70,2.57,0.70,2.56,-2.56,-2.62,-2.17,-1.86,-1.87,-1.87
161.63,0.66,2.57,0.67,2.58,-2.58,-2.63,-2.18,-1.91,-1.91,-1.91
163.24,0.65,2.60,0.65,2.60,-2.59,-2.64,-2.18,-1.94,-1.94,-1.95
164.88,0.61,2.59,0.62,2.61,-2.61,-2.65,-2.19,-1.99,-1.98,-1.98
166.53,0.61,2.63,0.60,2.62,-2.62,-2.66,-2.20,-2.01,-2.02,-2.02
168.19,0.57,2.63,0.58,2.63,-2.64,-2.67,-2.22,-2.06,-2.06,-2.06
169.87,0.55,2.65,0.56,2.65,-2.65,-2.68,-2.23,-2.10,-2.09,-2.10
171.57,0.52,2.66,0.53,2.66,-2.66,-2.68,-2.25,-2.14,-2.14,-2.13
173.29,0.51,2.68,0.50,2.67,-2.68,-2.69,-2.27,-2.16,-2.17,-2.17
175.02,0.47,2.68,0.48,2.69,-2.69,-2.69,-2.29,-2.21,-2.21,-2.20
176.77,0.45,2.70,0.45,2.70,-2.70,-2.70,-2.31,-2.25,-2.25,-2.25
178.54,0.43,2.73,0.43,2.71,-2.71,-2.70,-2.33,-2.28,-2.29,-2.29
180.32,0.38,2.71,0.40,2.73,-2.72,-2.70,-2.36,-2.34,-2.32,-2.33
182.13,0.38,2.74,0.37,2.73,-2.73,-2.70,-2.38,-2.35,-2.36,-2.36
183.95,0.33,2.73,0.34,2.74,-2.74,-2.70,-2.41,-2.41,-2.40,-2.40
185.79,0.31,2.75,0.32,2.75,-2.75,-2.70,-2.44,-2.44,-2.43,-2.43
187.65,0.29,2.77,0.29,2.76,-2.76,-2.70,-2.47,-2.46,-2.47,-2.47
189.52,0.25,2.76,0.26,2.76,-2.76,-2.70,-2.51,-2.51,-2.50,-2.50
191.42,0.24,2.78,0.23,2.77,-2.77,-2.70,-2.54,-2.52,-2.53,-2.53
193.33,0.19,2.76,0.21,2.77,-2.77,-2.69,-2.58,-2.58,-2.57,-2.56
195.27,0.18,2.77,0.18,2.77,-2.77,-2.69,-2.62,-2.59,-2.59,-2.59
197.22,0.15,2.77,0.15,2.77,-2.77,-2.68,-2.66,-2.62,-2.62,-2.62
199.19,0.12,2.78,0.12,2.77,-2.77,-2.68,-2.70,-2.64,-2.64,-2.65
201.18,0.09,2.76,0.09,2.76,-2.76,-2.67,-2.74,-2.67,-2.67,-2.67
203.19,0.05,2.74,0.06,2.75,-2.75,-2.66,-2.78,-2.70,-2.69,-2.69
205.23,0.03,2.75,0.03,2.74,-2.74,-2.65,-2.82,-2.71,-2.71,-2.71
207.28,0.01,2.73,0.00,2.73,-2.73,-2.64,-2.86,-2.72,-2.73,-2.72
209.35,-0.04,2.71,-0.02,2.72,-2.72,-2.63,-2.91,-2.76,-2.74,-2.74
211.44,-0.04,2.73,-0.05,2.71,-2.71,-2.62,-2.95,-2.75,-2.76,-2.77
213.56,-0.08,2.69,-0.07,2.70,-2.70,-2.61,-2.99,-2.78,-2.77,-2.77
215.69,-0.09,2.69,-0.09,2.69,-2.69,-2.60,-3.03,-2.77,-2.78,-2.77
217.85,-0.13,2.66,-0.12,2.67,-2.67,-2.59,-3.07,-2.80,-2.79,-2.79
220.03,-0.13,2.67,-0.14,2.66,-2.66,-2.57,-3.10,-2.78,-2.79,-2.80
222.23,-0.17,2.64,-0.16,2.64,-2.64,-2.56,-3.14,-2.81,-2.80,-2.81
224.45,-0.18,2.63,-0.18,2.63,-2.62,-2.55,-3.17,-2.80,-2.80,-2.80
226.70,-0.21,2.60,-0.20,2.60,-2.60,-2.53,-3.20,-2.81,-2.81,-2.80
228.96,-0.23,2.58,-0.22,2.58,-2.58,-2.52,-3.23,-2.81,-2.81,-2.80
231.25,-0.24,2.56,-0.24,2.56,-2.56,-2.50,-3.25,-2.80,-2.80,-2.79
233.57,-0.27,2.53,-0.26,2.54,-2.54,-2.48,-3.27,-2.80,-2.80,-2.79
235.90,-0.27,2.53,-0.28,2.51,-2.51,-2.47,-3.28,-2.78,-2.79,-2.79
238.26,-0.32,2.48,-0.30,2.49,-2.49,-2.45,-3.29,-2.80,-2.79,-2.79
240.64,-0.32,2.47,-0.32,2.46,-2.46,-2.43,-3.30,-2.78,-2.78,-2.78
243.05,-0.34,2.43,-0.34,2.43,-2.43,-2.41,-3.30,-2.77,-2.78,-2.77
245.48,-0.37,2.39,-0.36,2.40,-2.40,-2.39,-3.29,-2.77,-2.76,-2.76
247.93,-0.37,2.38,-0.38,2.38,-2.37,-2.37,-3.28,-2.74,-2.75,-2.75
250.41,-0.41,2.34,-0.40,2.34,-2.34,-2.35,-3.26,-2.74,-2.74,-2.75
252.92,-0.41,2.32,-0.42,2.31,-2.30,-2.33,-3.24,-2.71,-2.72,-2.72
255.45,-0.46,2.24,-0.44,2.26,-2.26,-2.31,-3.21,-2.72,-2.71,-2.70
258.00,-0.46,2.23,-0.47,2.22,-2.22,-2.29,-3.18,-2.68,-2.69,-2.69
260.58,-0.51,2.17,-0.50,2.17,-2.18,-2.27,-3.14,-2.68,-2.67,-2.67
263.19,-0.52,2.13,-0.52,2.13,-2.13,-2.25,-3.10,-2.65,-2.65,-2.65
265.82,-0.55,2.09,-0.55,2.09,-2.08,-2.22,-3.05,-2.63,-2.63,-2.64
268.48,-0.58,2.04,-0.57,2.04,-2.03,-2.20,-3.00,-2.61,-2.61,-2.61
271.16,-0.60,1.99,-0.60,1.99,-1.99,-2.17,-2.94,-2.58,-2.59,-2.59
273.87,-0.64,1.94,-0.63,1.94,-1.95,-2.15,-2.88,-2.58,-2.58,-2.57
276.61,-0.65,1.90,-0.66,1.90,-1.91,-2.12,-2.82,-2.55,-2.56,-2.55
279.38,-0.69,1.85,-0.68,1.86,-1.87,-2.10,-2.75,-2.56,-2.55,-2.54
282.17,-0.69,1.83,-0.69,1.83,-1.84,-2.07,-2.68,-2.52,-2.52,-2.52
284.99,-0.69,1.81,-0.69,1.81,-1.81,-2.05,-2.60,-2.50,-2.50,-2.50
287.84,-0.69,1.79,-0.69,1.79,-1.79,-2.02,-2.52,-2.47,-2.47,-2.48
290.72,-0.69,1.77,-0.69,1.77,-1.77,-1.99,-2.44,-2.46,-2.46,-2.45
293.63,-0.69,1.75,-0.69,1.75,-1.75,-1.96,-2.36,-2.44,-2.44,-2.44
296.57,-0.69,1.73,-0.69,1.73,-1.74,-1.94,-2.28,-2.42,-2.42,-2.41
299.53,-0.69,1.71,-0.68,1.72,-1.72,-1.91,-2.20,-2.40,-2.40,-2.40
302.53,-0.67,1.72,-0.67,1.70,-1.70,-1.88,-2.11,-2.36,-2.37,-2.38
305.55,-0.67,1.68,-0.67,1.69,-1.67,-1.85,-2.02,-2.34,-2.34,-2.35
308.61,-0.67,1.66,-0.67,1.66,-1.65,-1.81,-1.94,-2.31,-2.31,-2.33
311.69,-0.68,1.63,-0.68,1.62,-1.62,-1.78,-1.85,-2.30,-2.30,-2.30
314.81,-0.69,1.58,-0.68,1.59,-1.60,-1.75,-1.76,-2.28,-2.28,-2.27
317.96,-0.69,1.56,-0.69,1.56,-1.58,-1.72,-1.67,-2.26,-2.26,-2.25
321.14,-0.69,1.55,-0.69,1.54,-1.55,-1.68,-1.59,-2.24,-2.25,-2.23
324.35,-0.69,1.53,-0.68,1.53,-1.54,-1.65,-1.50,-2.22,-2.22,-2.22
327.59,-0.69,1.50,-0.67,1.52,-1.52,-1.62,-1.41,-2.21,-2.19,-2.19
330.87,-0.65,1.53,-0.66,1.51,-1.51,-1.58,-1.33,-2.16,-2.17,-2.17
334.18,-0.65,1.51,-0.65,1.50,-1.50,-1.54,-1.24,-2.14,-2.15,-2.15
337.52,-0.65,1.49,-0.64,1.49,-1.49,-1.51,-1.15,-2.13,-2.13,-2.14
340.90,-0.65,1.46,-0.65,1.47,-1.47,-1.47,-1.07,-2.12,-2.12,-2.11
344.30,-0.65,1.45,-0.64,1.45,-1.45,-1.43,-0.98,-2.09,-2.09,-2.09
347.75,-0.65,1.43,-0.65,1.43,-1.42,-1.39,-0.90,-2.07,-2.07,-2.07
351.23,-0.65,1.41,-0.66,1.40,-1.39,-1.35,-0.81,-2.04,-2.05,-2.06
354.74,-0.69,1.35,-0.68,1.36,-1.35,-1.31,-0.73,-2.04,-2.03,-2.04
358.28,-0.72,1.30,-0.71,1.31,-1.31,-1.26,-0.65,-2.03,-2.02,-2.02
361.87,-0.74,1.27,-0.74,1.26,-1.26,-1.22,-0.56,-2.00,-2.01,-2.00
365.49,-0.78,1.21,-0.77,1.21,-1.22,-1.18,-0.48,-1.99,-1.99,-1.98
369.14,-0.81,1.17,-0.80,1.17,-1.17,-1.13,-0.40,-1.97,-1.97,-1.98
372.83,-0.84,1.12,-0.84,1.12,-1.12,-1.09,-0.32,-1.95,-1.96,-1.96
376.56,-0.88,1.07,-0.88,1.07,-1.07,-1.04,-0.24,-1.94,-1.95,-1.95
380.33,-0.93,1.00,-0.91,1.02,-1.02,-0.99,-0.16,-1.95,-1.93,-1.92
384.13,-0.93,0.99,-0.94,0.97,-0.98,-0.94,-0.08,-1.90,-1.92,-1.91
387.97,-0.97,0.94,-0.97,0.93,-0.94,-0.89,-0.00,-1.90,-1.91,-1.90
391.85,-1.02,0.88,-1.00,0.89,-0.89,-0.84,0.07,-1.91,-1.89,-1.90
395.77,-1.02,0.86,-1.03,0.85,-0.86,-0.78,0.15,-1.87,-1.88,-1.88
399.73,-1.06,0.81,-1.05,0.82,-0.82,-0.73,0.23,-1.87,-1.87,-1.87
403.72,-1.07,0.79,-1.07,0.79,-0.78,-0.67,0.30,-1.85,-1.85,-1.86
407.76,-1.11,0.75,-1.10,0.75,-0.75,-0.62,0.37,-1.85,-1.85,-1.85
411.84,-1.13,0.71,-1.13,0.71,-0.71,-0.56,0.45,-1.84,-1.84,-1.83
415.96,-1.16,0.67,-1.16,0.67,-0.67,-0.50,0.52,-1.83,-1.83,-1.82
420.12,-1.19,0.63,-1.18,0.63,-0.64,-0.44,0.59,-1.82,-1.82,-1.82
424.32,-1.21,0.60,-1.21,0.59,-0.60,-0.37,0.66,-1.80,-1.81,-1.81
428.56,-1.25,0.55,-1.24,0.56,-0.55,-0.31,0.72,-1.80,-1.79,-1.80
432.85,-1.28,0.51,-1.27,0.51,-0.51,-0.25,0.79,-1.78,-1.78,-1.79
437.18,-1.31,0.47,-1.32,0.46,-0.46,-0.18,0.85,-1.76,-1.78,-1.78
441.55,-1.37,0.39,-1.36,0.40,-0.40,-0.11,0.91,-1.77,-1.76,-1.76
445.96,-1.42,0.34,-1.41,0.34,-0.35,-0.04,0.97,-1.76,-1.75,-1.75
450.42,-1.45,0.30,-1.46,0.28,-0.28,0.03,1.02,-1.73,-1.74,-1.74
454.93,-1.51,0.22,-1.51,0.22,-0.22,0.10,1.08,-1.72,-1.72,-1.72
459.48,-1.57,0.15,-1.56,0.15,-0.14,0.17,1.13,-1.71,-1.71,-1.71
464.07,-1.63,0.07,-1.63,0.07,-0.07,0.25,1.17,-1.70,-1.70,-1.69
468.71,-1.70,-0.02,-1.69,-0.01,0.01,0.32,1.21,-1.69,-1.68,-1.68
473.40,-1.76,-0.09,-1.76,-0.10,0.09,0.40,1.25,-1.66,-1.67,-1.67
478.13,-1.83,-0.18,-1.83,-0.18,0.18,0.48,1.29,-1.65,-1.65,-1.65
482.91,-1.91,-0.27,-1.90,-0.27,0.27,0.56,1.32,-1.64,-1.63,-1.64
487.74,-1.98,-0.36,-1.98,-0.36,0.36,0.64,1.35,-1.61,-1.62,-1.62
492.62,-2.08,-0.48,-2.06,-0.46,0.46,0.72,1.37,-1.62,-1.60,-1.60
497.55,-2.14,-0.55,-2.15,-0.56,0.56,0.80,1.39,-1.58,-1.59,-1.59
502.52,-2.25,-0.68,-2.24,-0.67,0.66,0.88,1.41,-1.58,-1.58,-1.57
507.55,-2.34,-0.78,-2.33,-0.77,0.77,0.96,1.42,-1.57,-1.56,-1.56
512.62,-2.42,-0.87,-2.43,-0.89,0.88,1.04,1.43,-1.53,-1.55,-1.54
517.75,-2.53,-1.00,-2.52,-1.00,1.00,1.12,1.43,-1.53,-1.52,-1.52
522.93,-2.64,-1.13,-2.62,-1.11,1.12,1.20,1.43,-1.51,-1.50,-1.50
528.16,-2.72,-1.22,-2.73,-1.24,1.25,1.28,1.43,-1.47,-1.48,-1.49
533.44,-2.84,-1.36,-2.85,-1.37,1.38,1.35,1.42,-1.45,-1.46,-1.47
538.77,-2.99,-1.53,-2.97,-1.52,1.52,1.43,1.41,-1.46,-1.45,-1.45
544.16,-3.10,-1.66,-3.10,-1.66,1.67,1.50,1.39,-1.43,-1.43,-1.43
549.60,-3.23,-1.81,-3.23,-1.81,1.81,1.57,1.38,-1.41,-1.41,-1.42
555.10,-3.35,-1.94,-3.35,-1.95,1.96,1.64,1.36,-1.38,-1.39,-1.41
560.65,-3.49,-2.10,-3.48,-2.10,2.10,1.71,1.34,-1.38,-1.38,-1.39
566.25,-3.61,-2.24,-3.61,-2.24,2.24,1.77,1.31,-1.37,-1.37,-1.37
571.92,-3.72,-2.36,-3.72,-2.36,2.36,1.83,1.28,-1.36,-1.36,-1.36
577.64,-3.82,-2.47,-3.81,-2.47,2.46,1.88,1.26,-1.36,-1.35,-1.35
583.41,-3.88,-2.55,-3.87,-2.55,2.53,1.93,1.23,-1.34,-1.34,-1.33
589.25,-3.91,-2.60,-3.91,-2.60,2.58,1.98,1.20,-1.32,-1.33,-1.31
595.14,-3.91,-2.62,-3.91,-2.62,2.60,2.01,1.16,-1.30,-1.31,-1.29
601.09,-3.90,-2.62,-3.88,-2.61,2.59,2.05,1.13,-1.31,-1.29,-1.28
607.10,-3.82,-2.56,-3.82,-2.56,2.55,2.08,1.10,-1.27,-1.27,-1.26
613.17,-3.74,-2.50,-3.73,-2.50,2.48,2.10,1.06,-1.25,-1.25,-1.24
619.30,-3.62,-2.40,-3.62,-2.40,2.39,2.11,1.03,-1.22,-1.22,-1.22
625.50,-3.50,-2.30,-3.49,-2.29,2.29,2.12,0.99,-1.21,-1.21,-1.20
631.75,-3.35,-2.16,-3.36,-2.17,2.17,2.13,0.96,-1.17,-1.18,-1.19
638.07,-3.24,-2.07,-3.22,-2.05,2.06,2.13,0.92,-1.18,-1.17,-1.17
644.45,-3.08,-1.92,-3.09,-1.93,1.94,2.11,0.89,-1.14,-1.15,-1.16
650.89,-2.97,-1.83,-2.96,-1.82,1.84,2.10,0.85,-1.13,-1.13,-1.14
657.40,-2.85,-1.72,-2.85,-1.72,1.74,2.08,0.82,-1.10,-1.10,-1.13
663.98,-2.75,-1.64,-2.76,-1.64,1.66,2.05,0.78,-1.08,-1.09,-1.11
670.62,-2.69,-1.58,-2.68,-1.58,1.60,2.02,0.75,-1.09,-1.08,-1.10
677.32,-2.63,-1.53,-2.63,-1.54,1.55,1.98,0.71,-1.08,-1.08,-1.09
684.10,-2.59,-1.50,-2.58,-1.50,1.50,1.94,0.68,-1.09,-1.08,-1.08
690.94,-2.53,-1.46,-2.53,-1.47,1.46,1.89,0.65,-1.07,-1.08,-1.06
697.85,-2.49,-1.43,-2.49,-1.43,1.41,1.84,0.62,-1.07,-1.07,-1.05
704.83,-2.44,-1.39,-2.43,-1.39,1.36,1.78,0.58,-1.07,-1.07,-1.04
711.87,-2.37,-1.33,-2.37,-1.34,1.31,1.72,0.55,-1.06,-1.06,-1.03
718.99,-2.30,-1.27,-2.29,-1.27,1.25,1.66,0.52,-1.05,-1.04,-1.02
726.18,-2.21,-1.19,-2.21,-1.20,1.19,1.60,0.49,-1.02,-1.02,-1.01
733.44,-2.13,-1.12,-2.13,-1.13,1.13,1.53,0.46,-0.99,-0.99,-1.00
740.78,-2.07,-1.08,-2.06,-1.07,1.09,1.46,0.43,-0.97,-0.97,-0.98
748.19,-2.00,-1.02,-2.01,-1.03,1.07,1.39,0.40,-0.93,-0.94,-0.97
755.67,-2.00,-1.02,-1.99,-1.02,1.07,1.31,0.37,-0.93,-0.92,-0.97
763.23,-2.01,-1.04,-2.01,-1.05,1.09,1.24,0.35,-0.91,-0.92,-0.96
770.86,-2.06,-1.10,-2.06,-1.10,1.13,1.17,0.32,-0.92,-0.92,-0.95
778.57,-2.12,-1.17,-2.11,-1.17,1.18,1.09,0.29,-0.93,-0.93,-0.94
786.35,-2.18,-1.24,-2.18,-1.24,1.23,1.02,0.26,-0.95,-0.95,-0.93
794.22,-2.23,-1.29,-2.23,-1.30,1.27,0.94,0.24,-0.96,-0.97,-0.93
802.16,-2.28,-1.35,-2.25,-1.33,1.28,0.87,0.21,-1.00,-0.97,-0.92
810.18,-2.23,-1.31,-2.23,-1.31,1.26,0.79,0.19,-0.97,-0.97,-0.91
818.28,-2.15,-1.23,-2.16,-1.25,1.21,0.72,0.16,-0.94,-0.95,-0.91
826.46,-2.06,-1.15,-2.05,-1.14,1.12,0.65,0.14,-0.94,-0.93,-0.90
834.73,-1.92,-1.01,-1.91,-1.01,1.00,0.58,0.11,-0.91,-0.91,-0.90
843.08,-1.75,-0.85,-1.76,-0.86,0.86,0.51,0.09,-0.89,-0.90,-0.89
851.51,-1.59,-0.69,-1.58,-0.69,0.71,0.44,0.07,-0.88,-0.88,-0.89
860.02,-1.42,-0.53,-1.41,-0.53,0.54,0.37,0.05,-0.87,-0.87,-0.88
868.62,-1.25,-0.36,-1.25,-0.37,0.39,0.30,0.02,-0.86,-0.86,-0.89
877.31,-1.10,-0.22,-1.09,-0.22,0.24,0.24,0.00,-0.86,-0.86,-0.88
886.08,-0.95,-0.08,-0.95,-0.08,0.10,0.17,-0.02,-0.85,-0.85,-0.87
894.94,-0.82,0.04,-0.82,0.04,-0.03,0.11,-0.04,-0.85,-0.85,-0.86
903.89,-0.71,0.15,-0.70,0.15,-0.15,0.05,-0.06,-0.86,-0.85,-0.86
912.93,-0.60,0.25,-0.60,0.25,-0.25,-0.01,-0.08,-0.85,-0.85,-0.85
922.06,-0.51,0.33,-0.50,0.34,-0.34,-0.07,-0.10,-0.85,-0.84,-0.84
931.28,-0.41,0.43,-0.41,0.42,-0.42,-0.13,-0.12,-0.83,-0.83,-0.84
940.59,-0.33,0.50,-0.33,0.50,-0.49,-0.18,-0.14,-0.82,-0.82,-0.83
950.00,-0.26,0.56,-0.26,0.56,-0.55,-0.23,-0.16,-0.80,-0.80,-0.82
959.50,-0.20,0.61,-0.20,0.60,-0.60,-0.28,-0.17,-0.79,-0.80,-0.81
969.09,-0.16,0.63,-0.15,0.64,-0.64,-0.33,-0.19,-0.80,-0.79,-0.79
978.78,-0.11,0.67,-0.10,0.67,-0.68,-0.38,-0.21,-0.78,-0.78,-0.78
988.57,-0.06,0.71,-0.06,0.70,-0.71,-0.43,-0.23,-0.77,-0.77,-0.77
998.46,-0.01,0.74,-0.01,0.74,-0.74,-0.47,-0.24,-0.75,-0.75,-0.75
1008.44,0.03,0.76,0.04,0.76,-0.77,-0.52,-0.26,-0.74,-0.73,-0.73
1018.53,0.08,0.79,0.08,0.79,-0.80,-0.56,-0.27,-0.72,-0.71,-0.71
1028.71,0.13,0.82,0.14,0.82,-0.83,-0.60,-0.29,-0.69,-0.69,-0.69
1039.00,0.19,0.86,0.19,0.86,-0.86,-0.64,-0.30,-0.66,-0.67,-0.67
1049.39,0.24,0.89,0.24,0.89,-0.88,-0.68,-0.32,-0.64,-0.64,-0.65
1059.88,0.29,0.92,0.29,0.91,-0.91,-0.72,-0.33,-0.61,-0.62,-0.63
1070.48,0.33,0.93,0.34,0.94,-0.93,-0.75,-0.35,-0.60,-0.59,-0.60
1081.19,0.38,0.95,0.38,0.95,-0.95,-0.79,-0.36,-0.57,-0.57,-0.57
1092.00,0.43,0.97,0.43,0.97,-0.97,-0.82,-0.37,-0.54,-0.54,-0.54
1102.92,0.47,0.98,0.48,0.98,-0.99,-0.85,-0.39,-0.51,-0.51,-0.51
1113.95,0.52,1.00,0.52,1.00,-1.00,-0.88,-0.40,-0.48,-0.47,-0.48
1125.09,0.57,1.01,0.58,1.01,-1.01,-0.91,-0.42,-0.44,-0.43,-0.44
1136.34,0.63,1.03,0.63,1.03,-1.02,-0.94,-0.43,-0.39,-0.39,-0.40
1147.70,0.68,1.03,0.68,1.03,-1.03,-0.97,-0.44,-0.35,-0.35,-0.35
1159.18,0.73,1.04,0.73,1.04,-1.04,-0.99,-0.46,-0.31,-0.31,-0.31
1170.77,0.77,1.04,0.78,1.04,-1.05,-1.02,-0.47,-0.27,-0.27,-0.27
1182.48,0.83,1.05,0.83,1.05,-1.06,-1.04,-0.49,-0.22,-0.22,-0.22
1194.30,0.89,1.06,0.90,1.06,-1.06,-1.06,-0.50,-0.17,-0.17,-0.17
1206.25,0.96,1.08,0.96,1.07,-1.07,-1.08,-0.52,-0.11,-0.11,-0.12
1218.31,1.02,1.08,1.02,1.09,-1.08,-1.10,-0.53,-0.06,-0.06,-0.06
1230.49,1.08,1.09,1.09,1.09,-1.09,-1.12,-0.55,-0.01,-0.00,-0.01
1242.80,1.15,1.11,1.15,1.10,-1.10,-1.14,-0.57,0.05,0.05,0.04
1255.22,1.20,1.10,1.21,1.11,-1.11,-1.16,-0.58,0.09,0.10,0.10
1267.78,1.28,1.12,1.28,1.12,-1.12,-1.18,-0.60,0.16,0.16,0.16
1280.45,1.35,1.13,1.35,1.13,-1.13,-1.19,-0.62,0.22,0.22,0.22
1293.26,1.43,1.14,1.43,1.15,-1.14,-1.21,-0.64,0.29,0.29,0.29
1306.19,1.51,1.16,1.51,1.16,-1.15,-1.22,-0.66,0.36,0.36,0.35
1319.25,1.59,1.17,1.60,1.17,-1.17,-1.23,-0.68,0.43,0.43,0.42
1332.45,1.67,1.18,1.67,1.18,-1.18,-1.25,-0.70,0.49,0.49,0.49
1345.77,1.76,1.20,1.75,1.19,-1.19,-1.26,-0.72,0.57,0.56,0.56
1359.23,1.82,1.19,1.84,1.20,-1.21,-1.27,-0.74,0.62,0.63,0.63
1372.82,1.93,1.22,1.93,1.22,-1.22,-1.28,-0.77,0.71,0.70,0.71
1386.55,2.02,1.24,2.02,1.24,-1.24,-1.29,-0.79,0.78,0.78,0.78
1400.41,2.10,1.25,2.12,1.26,-1.26,-1.29,-0.81,0.84,0.86,0.85
1414.42,2.21,1.29,2.20,1.28,-1.28,-1.30,-0.84,0.93,0.92,0.92
1428.56,2.29,1.29,2.30,1.30,-1.30,-1.31,-0.86,0.99,1.00,1.00
1442.85,2.38,1.31,2.39,1.32,-1.32,-1.31,-0.89,1.06,1.07,1.07
1457.28,2.49,1.35,2.48,1.34,-1.34,-1.32,-0.92,1.15,1.14,1.14
1471.85,2.56,1.35,2.57,1.36,-1.36,-1.32,-0.95,1.21,1.22,1.21
1486.57,2.66,1.38,2.66,1.38,-1.36,-1.32,-0.97,1.30,1.30,1.28
1501.43,2.74,1.38,2.74,1.38,-1.37,-1.33,-1.00,1.38,1.37,1.36
1516.45,2.82,1.37,2.82,1.38,-1.37,-1.33,-1.03,1.46,1.46,1.45
1531.61,2.89,1.36,2.90,1.36,-1.36,-1.33,-1.06,1.53,1.54,1.53
1546.93,2.97,1.35,2.97,1.35,-1.35,-1.33,-1.10,1.62,1.62,1.62
1562.40,3.04,1.33,3.04,1.33,-1.34,-1.33,-1.13,1.71,1.70,1.71
1578.02,3.10,1.30,3.11,1.32,-1.32,-1.33,-1.16,1.79,1.80,1.80
1593.80,3.19,1.31,3.19,1.30,-1.30,-1.33,-1.19,1.90,1.89,1.88
1609.74,3.26,1.28,3.26,1.28,-1.28,-1.33,-1.22,1.99,1.99,1.98
1625.84,3.34,1.26,3.34,1.26,-1.25,-1.32,-1.25,2.09,2.09,2.08
1642.10,3.41,1.23,3.42,1.23,-1.23,-1.32,-1.28,2.18,2.19,2.18
1658.52,3.49,1.20,3.50,1.21,-1.21,-1.31,-1.32,2.28,2.28,2.29
1675.10,3.59,1.20,3.58,1.19,-1.19,-1.31,-1.35,2.40,2.39,2.39
1691.85,3.65,1.16,3.67,1.17,-1.18,-1.30,-1.38,2.48,2.49,2.49
1708.77,3.76,1.16,3.76,1.16,-1.16,-1.30,-1.40,2.60,2.60,2.60
1725.86,3.87,1.16,3.86,1.15,-1.16,-1.29,-1.43,2.72,2.70,2.71
1743.12,3.96,1.13,3.97,1.14,-1.15,-1.28,-1.46,2.81,2.82,2.83
1760.55,4.07,1.13,4.08,1.14,-1.15,-1.27,-1.48,2.93,2.94,2.94
1778.15,4.20,1.14,4.20,1.14,-1.14,-1.26,-1.50,3.06,3.06,3.06
1795.94,4.33,1.16,4.33,1.15,-1.14,-1.25,-1.52,3.20,3.19,3.17
1813.90,4.44,1.15,4.44,1.14,-1.13,-1.24,-1.54,3.32,3.31,3.29
1832.03,4.53,1.12,4.54,1.13,-1.12,-1.23,-1.56,3.42,3.42,3.41
1850.36,4.63,1.09,4.64,1.10,-1.10,-1.22,-1.57,3.53,3.54,3.54
1868.86,4.74,1.08,4.74,1.07,-1.08,-1.21,-1.58,3.66,3.65,3.66
1887.55,4.83,1.05,4.84,1.06,-1.06,-1.20,-1.58,3.78,3.78,3.78
1906.42,4.94,1.04,4.94,1.04,-1.03,-1.18,-1.59,3.91,3.91,3.90
1925.49,5.05,1.02,5.05,1.02,-1.01,-1.17,-1.58,4.04,4.04,4.03
1944.74,5.15,0.99,5.16,1.00,-0.99,-1.16,-1.58,4.16,4.16,4.16
1964.19,5.26,0.97,5.26,0.97,-0.98,-1.14,-1.57,4.28,4.28,4.29
1983.83,5.37,0.96,5.37,0.95,-0.97,-1.13,-1.55,4.40,4.40,4.41
2003.67,5.48,0.94,5.49,0.96,-0.97,-1.11,-1.54,4.51,4.52,4.54
2023.71,5.61,0.97,5.62,0.97,-0.97,-1.10,-1.51,4.64,4.65,4.64
2043.94,5.75,1.00,5.74,0.99,-0.98,-1.09,-1.49,4.78,4.76,4.75
2064.38,5.85,0.99,5.86,1.00,-0.99,-1.07,-1.45,4.87,4.87,4.86
2085.03,5.96,1.00,5.97,1.00,-1.00,-1.06,-1.42,4.96,4.96,4.96
2105.88,6.07,1.00,6.08,1.01,-1.01,-1.05,-1.38,5.06,5.07,5.07
2126.94,6.20,1.03,6.21,1.03,-1.03,-1.04,-1.33,5.17,5.18,5.17
2148.20,6.34,1.06,6.33,1.05,-1.04,-1.03,-1.29,5.30,5.29,5.28
2169.69,6.44,1.06,6.45,1.07,-1.06,-1.02,-1.24,5.38,5.39,5.38
2191.38,6.55,1.07,6.56,1.07,-1.08,-1.02,-1.18,5.48,5.48,5.48
2213.30,6.67,1.09,6.67,1.09,-1.10,-1.02,-1.12,5.58,5.58,5.58
2235.43,6.79,1.10,6.80,1.11,-1.12,-1.02,-1.06,5.68,5.68,5.69
2257.78,6.93,1.14,6.93,1.14,-1.14,-1.04,-1.00,5.79,5.79,5.79
2280.36,7.06,1.18,7.06,1.17,-1.17,-1.05,-0.93,5.90,5.89,5.88
2303.17,7.17,1.19,7.18,1.20,-1.19,-1.08,-0.86,5.98,5.99,5.98
2326.20,7.30,1.22,7.30,1.22,-1.23,-1.11,-0.79,6.08,6.07,6.08
2349.46,7.41,1.23,7.41,1.24,-1.26,-1.16,-0.71,6.16,6.16,6.18
2372.95,7.52,1.26,7.54,1.27,-1.29,-1.21,-0.64,6.24,6.25,6.26
2396.68,7.65,1.31,7.65,1.31,-1.31,-1.27,-0.56,6.34,6.34,6.34
2420.65,7.76,1.35,7.75,1.34,-1.33,-1.32,-0.48,6.44,6.42,6.41
2444.86,7.82,1.33,7.84,1.35,-1.34,-1.38,-0.40,6.49,6.50,6.49
2469.31,7.90,1.34,7.90,1.34,-1.34,-1.41,-0.32,6.57,6.57,6.56
2494.00,7.95,1.31,7.95,1.31,-1.32,-1.42,-0.24,6.63,6.63,6.64
2518.94,7.97,1.26,7.98,1.27,-1.28,-1.38,-0.15,6.69,6.70,6.71
2544.13,7.97,1.20,7.98,1.21,-1.21,-1.29,-0.07,6.77,6.78,6.77
2569.57,7.97,1.14,7.96,1.13,-1.10,-1.16,0.02,6.87,6.86,6.83
2595.27,7.89,0.99,7.91,1.01,-0.96,-0.97,0.11,6.93,6.94,6.90
2621.22,7.81,0.85,7.80,0.84,-0.79,-0.76,0.20,7.02,7.01,6.96
2647.43,7.64,0.62,7.65,0.62,-0.60,-0.52,0.28,7.05,7.05,7.02
2673.90,7.42,0.34,7.43,0.35,-0.38,-0.28,0.37,7.05,7.05,7.08
2700.64,7.13,0.00,7.13,-0.01,-0.13,-0.03,0.47,7.00,6.99,7.13
2727.65,6.74,-0.45,6.75,-0.44,0.12,0.22,0.56,6.87,6.87,7.19
2754.93,6.27,-0.97,6.27,-0.97,0.39,0.46,0.65,6.66,6.66,7.24
2782.48,5.70,-1.59,5.70,-1.60,0.66,0.70,0.74,6.36,6.35,7.29
2810.30,5.03,-2.31,5.02,-2.32,0.92,0.94,0.84,5.96,5.94,7.34
2838.40,4.26,-3.12,4.27,-3.11,1.18,1.17,0.93,5.45,5.45,7.38
2866.79,3.46,-3.95,3.46,-3.95,1.44,1.40,1.03,4.91,4.91,7.41
2895.46,2.66,-4.79,2.66,-4.79,1.70,1.63,1.13,4.37,4.36,7.45
2924.41,1.89,-5.59,1.90,-5.58,1.96,1.86,1.22,3.85,3.86,7.48
2953.65,1.22,-6.29,1.23,-6.29,2.22,2.10,1.32,3.44,3.44,7.51
2983.19,0.65,-6.90,0.68,-6.87,2.48,2.34,1.42,3.13,3.15,7.55
3013.02,0.26,-7.32,0.26,-7.33,2.73,2.59,1.52,3.00,2.99,7.58
3043.15,-0.02,-7.64,-0.03,-7.65,2.99,2.84,1.62,2.98,2.97,7.62
3073.58,-0.19,-7.84,-0.16,-7.81,3.25,3.10,1.72,3.07,3.10,7.65
3104.32,-0.19,-7.88,-0.17,-7.86,3.51,3.36,1.83,3.32,3.34,7.69
3135.36,-0.06,-7.78,-0.08,-7.81,3.77,3.63,1.93,3.71,3.68,7.72
3166.72,0.04,-7.71,0.04,-7.71,4.03,3.90,2.03,4.07,4.07,7.75
3198.38,0.16,-7.60,0.16,-7.61,4.29,4.18,2.13,4.46,4.45,7.76
3230.37,0.24,-7.54,0.25,-7.54,4.57,4.46,2.24,4.81,4.81,7.78
3262.67,0.31,-7.48,0.31,-7.49,4.85,4.74,2.34,5.16,5.15,7.79
3295.30,0.33,-7.48,0.34,-7.47,5.11,5.02,2.44,5.44,5.45,7.81
3328.25,0.33,-7.49,0.33,-7.49,5.35,5.29,2.54,5.68,5.68,7.82
3361.53,0.29,-7.54,0.29,-7.55,5.56,5.55,2.64,5.85,5.84,7.83
3395.15,0.20,-7.63,0.22,-7.62,5.73,5.79,2.74,5.93,5.94,7.83
3429.10,0.12,-7.71,0.12,-7.71,5.86,6.01,2.84,5.99,5.98,7.83
3463.39,0.01,-7.81,0.01,-7.82,5.96,6.19,2.94,5.97,5.97,7.82
3498.03,-0.12,-7.94,-0.11,-7.93,6.02,6.35,3.03,5.90,5.91,7.82
3533.01,-0.23,-8.05,-0.23,-8.05,6.05,6.46,3.12,5.82,5.82,7.82
3568.34,-0.34,-8.15,-0.34,-8.14,6.05,6.54,3.20,5.71,5.71,7.81
3604.02,-0.43,-8.21,-0.42,-8.21,6.05,6.56,3.28,5.63,5.63,7.78
3640.06,-0.49,-8.25,-0.48,-8.24,6.05,6.54,3.36,5.57,5.57,7.76
3676.46,-0.51,-8.25,-0.51,-8.25,6.05,6.47,3.43,5.54,5.54,7.74
3713.22,-0.51,-8.22,-0.51,-8.23,6.04,6.36,3.50,5.53,5.53,7.71
3750.36,-0.50,-8.19,-0.49,-8.17,6.00,6.21,3.55,5.50,5.51,7.69
3787.86,-0.44,-8.09,-0.44,-8.09,5.92,6.03,3.61,5.49,5.48,7.65
3825.74,-0.37,-7.98,-0.37,-7.99,5.81,5.81,3.65,5.45,5.44,7.61
3864.00,-0.29,-7.86,-0.28,-7.85,5.66,5.58,3.69,5.37,5.38,7.57
3902.64,-0.16,-7.69,-0.15,-7.69,5.47,5.33,3.72,5.31,5.32,7.53
3941.66,0.01,-7.49,0.00,-7.50,5.25,5.07,3.74,5.26,5.25,7.50
3981.08,0.18,-7.28,0.18,-7.27,5.00,4.80,3.75,5.18,5.18,7.46
4020.89,0.38,-7.03,0.39,-7.02,4.73,4.53,3.75,5.11,5.12,7.41
4061.10,0.62,-6.73,0.62,-6.73,4.45,4.26,3.74,5.07,5.07,7.35
4101.71,0.88,-6.41,0.88,-6.41,4.17,3.99,3.73,5.06,5.05,7.29
4142.73,1.16,-6.08,1.17,-6.07,3.91,3.73,3.70,5.08,5.08,7.24
4184.15,1.47,-5.71,1.47,-5.71,3.65,3.47,3.67,5.13,5.13,7.18
4226.00,1.80,-5.32,1.79,-5.33,3.40,3.21,3.63,5.20,5.19,7.12
4268.26,2.12,-4.94,2.13,-4.92,3.14,2.96,3.58,5.26,5.27,7.06
4310.94,2.47,-4.51,2.48,-4.50,2.88,2.71,3.53,5.35,5.36,6.98
4354.05,2.85,-4.05,2.84,-4.07,2.62,2.47,3.47,5.47,5.46,6.90
4397.59,3.20,-3.63,3.20,-3.63,2.36,2.23,3.40,5.57,5.57,6.83
4441.56,3.55,-3.20,3.56,-3.19,2.10,2.00,3.33,5.66,5.67,6.75
4485.98,3.92,-2.75,3.92,-2.75,1.85,1.76,3.25,5.77,5.76,6.67
4530.84,4.27,-2.32,4.28,-2.31,1.59,1.53,3.16,5.86,5.86,6.59
4576.15,4.62,-1.88,4.62,-1.88,1.33,1.30,3.08,5.95,5.95,6.50
4621.91,4.95,-1.47,4.95,-1.47,1.07,1.07,2.99,6.02,6.02,6.42
4668.13,5.24,-1.09,5.25,-1.08,0.81,0.83,2.89,6.05,6.06,6.33
4714.81,5.53,-0.71,5.52,-0.73,0.55,0.60,2.80,6.08,6.07,6.24
4761.96,5.75,-0.41,5.77,-0.39,0.29,0.36,2.70,6.04,6.06,6.16
4809.58,5.99,-0.07,5.99,-0.08,0.03,0.12,2.60,6.02,6.02,6.06
4857.67,6.19,0.22,6.18,0.21,-0.22,-0.12,2.50,5.97,5.96,5.97
4906.25,6.34,0.46,6.36,0.48,-0.47,-0.37,2.40,5.88,5.89,5.88
4955.31,6.50,0.72,6.50,0.72,-0.71,-0.61,2.30,5.80,5.80,5.78
5004.87,6.64,0.95,6.64,0.94,-0.93,-0.85,2.20,5.71,5.70,5.69
5054.91,6.75,1.14,6.77,1.16,-1.15,-1.08,2.10,5.60,5.62,5.61
5105.46,6.89,1.36,6.89,1.35,-1.35,-1.30,2.00,5.54,5.53,5.53
5156.52,7.01,1.55,7.01,1.55,-1.55,-1.51,1.90,5.46,5.45,5.46
5208.08,7.10,1.72,7.11,1.73,-1.74,-1.71,1.80,5.37,5.37,5.38
5260.16,7.21,1.91,7.20,1.90,-1.92,-1.90,1.70,5.30,5.29,5.30
5312.77,7.28,2.06,7.29,2.07,-2.09,-2.07,1.60,5.20,5.20,5.22
5365.89,7.38,2.24,7.38,2.23,-2.25,-2.23,1.51,5.14,5.13,5.14
5419.55,7.45,2.39,7.45,2.39,-2.39,-2.39,1.41,5.06,5.06,5.06
5473.75,7.51,2.52,7.51,2.52,-2.52,-2.52,1.31,4.99,4.99,4.99
5528.49,7.55,2.64,7.54,2.63,-2.63,-2.64,1.22,4.93,4.92,4.91
5583.77,7.55,2.72,7.55,2.71,-2.70,-2.70,1.13,4.85,4.85,4.83
5639.61,7.53,2.76,7.53,2.76,-2.74,-2.75,1.03,4.80,4.79,4.77
5696.00,7.48,2.78,7.46,2.76,-2.74,-2.70,0.94,4.75,4.72,4.70
5752.96,7.37,2.73,7.36,2.72,-2.70,-2.63,0.85,4.68,4.66,4.64
5810.49,7.22,2.64,7.21,2.63,-2.61,-2.47,0.76,4.61,4.60,4.58
5868.60,7.05,2.53,7.02,2.50,-2.49,-2.28,0.67,4.57,4.53,4.52
5927.28,6.81,2.35,6.79,2.33,-2.32,-2.06,0.58,4.49,4.47,4.46
5986.56,6.57,2.18,6.53,2.13,-2.12,-1.83,0.50,4.45,4.40,4.39
6046.42,6.25,1.94,6.22,1.91,-1.89,-1.60,0.41,4.36,4.33,4.31
6106.89,5.92,1.70,5.89,1.66,-1.64,-1.38,0.32,4.29,4.25,4.22
6167.96,5.57,1.44,5.52,1.38,-1.37,-1.19,0.24,4.21,4.15,4.13
6229.64,5.18,1.14,5.14,1.10,-1.09,-1.00,0.15,4.10,4.06,4.04
6291.93,4.79,0.84,4.77,0.80,-0.81,-0.86,0.06,3.99,3.96,3.95
6354.85,4.43,0.56,4.41,0.53,-0.54,-0.71,-0.02,3.89,3.87,3.87
6418.40,4.07,0.28,4.08,0.27,-0.30,-0.60,-0.10,3.78,3.78,3.79
6482.58,3.76,0.04,3.78,0.05,-0.08,-0.49,-0.19,3.68,3.70,3.72
6547.41,3.44,-0.20,3.53,-0.13,0.09,-0.41,-0.27,3.54,3.62,3.64
6612.88,3.20,-0.36,3.32,-0.26,0.23,-0.33,-0.35,3.43,3.54,3.56
6679.01,2.97,-0.51,3.15,-0.34,0.32,-0.27,-0.43,3.29,3.47,3.48
6745.80,2.76,-0.64,3.03,-0.38,0.36,-0.21,-0.51,3.13,3.39,3.40
6813.26,2.62,-0.69,2.93,-0.38,0.38,-0.17,-0.59,3.00,3.31,3.31
6881.39,2.47,-0.74,2.86,-0.36,0.36,-0.13,-0.67,2.84,3.23,3.21
6950.21,2.34,-0.78,2.81,-0.31,0.32,-0.10,-0.75,2.67,3.13,3.12
7019.71,2.23,-0.80,2.76,-0.26,0.27,-0.07,-0.83,2.50,3.03,3.03
7089.91,2.14,-0.80,2.72,-0.20,0.21,-0.05,-0.90,2.35,2.93,2.94
7160.81,2.08,-0.76,2.68,-0.13,0.14,-0.03,-0.97,2.22,2.82,2.84
7232.41,2.03,-0.70,2.63,-0.06,0.07,-0.02,-1.04,2.10,2.70,2.73
7304.74,2.01,-0.61,2.59,0.00,0.00,-0.01,-1.11,2.01,2.59,2.62
7377.79,2.03,-0.48,2.54,0.07,-0.07,-0.01,-1.17,1.97,2.47,2.51
7451.56,2.12,-0.28,2.48,0.13,-0.13,-0.01,-1.23,1.99,2.35,2.40
7526.08,2.22,-0.07,2.43,0.20,-0.20,-0.01,-1.29,2.03,2.23,2.29
7601.34,2.36,0.17,2.37,0.25,-0.26,-0.01,-1.35,2.11,2.11,2.19
7677.35,2.49,0.40,2.30,0.31,-0.31,-0.02,-1.39,2.18,1.99,2.09
7754.13,2.61,0.62,2.23,0.36,-0.37,-0.03,-1.44,2.25,1.87,1.99
7831.67,2.68,0.79,2.16,0.41,-0.41,-0.05,-1.48,2.27,1.75,1.89
7909.98,2.64,0.85,2.08,0.46,-0.45,-0.06,-1.52,2.19,1.63,1.79
7989.08,2.46,0.77,1.99,0.49,-0.49,-0.08,-1.55,1.98,1.50,1.69
8068.98,2.20,0.62,1.89,0.52,-0.51,-0.10,-1.58,1.69,1.38,1.58
8149.67,1.82,0.35,1.78,0.54,-0.53,-0.12,-1.60,1.29,1.25,1.47
8231.16,1.37,0.02,1.67,0.55,-0.54,-0.15,-1.62,0.83,1.13,1.35
8313.47,0.83,-0.41,1.54,0.55,-0.54,-0.17,-1.63,0.29,1.00,1.24
8396.61,0.23,-0.90,1.41,0.54,-0.54,-0.20,-1.64,-0.30,0.87,1.13
8480.57,-0.40,-1.42,1.27,0.53,-0.53,-0.23,-1.64,-0.93,0.74,1.02
8565.38,-1.03,-1.92,1.13,0.51,-0.52,-0.27,-1.64,-1.54,0.61,0.89
8651.03,-1.61,-2.37,0.99,0.50,-0.50,-0.30,-1.63,-2.11,0.48,0.76
8737.54,-2.14,-2.77,0.85,0.49,-0.49,-0.34,-1.63,-2.63,0.36,0.63
8824.92,-2.60,-3.10,0.72,0.48,-0.48,-0.38,-1.62,-3.08,0.23,0.50
8913.17,-2.95,-3.32,0.58,0.47,-0.47,-0.42,-1.60,-3.42,0.11,0.37
9002.30,-3.22,-3.47,0.45,0.46,-0.46,-0.46,-1.59,-3.68,-0.01,0.25
9092.32,-3.39,-3.49,0.33,0.45,-0.46,-0.51,-1.57,-3.84,-0.13,0.10
9183.25,-3.48,-3.43,0.20,0.45,-0.45,-0.56,-1.56,-3.93,-0.25,-0.05
9275.08,-3.43,-3.23,0.08,0.44,-0.44,-0.60,-1.54,-3.87,-0.37,-0.20
9367.83,-3.30,-2.96,-0.05,0.44,-0.43,-0.65,-1.52,-3.73,-0.48,-0.34
9461.51,-3.14,-2.65,-0.17,0.43,-0.42,-0.71,-1.50,-3.55,-0.59,-0.49
9556.12,-2.95,-2.30,-0.30,0.41,-0.39,-0.76,-1.48,-3.34,-0.69,-0.65
9651.68,-2.74,-1.91,-0.43,0.39,-0.36,-0.81,-1.47,-3.10,-0.80,-0.83
9748.20,-2.50,-1.50,-0.57,0.36,-0.34,-0.87,-1.45,-2.84,-0.91,-1.00
9845.68,-2.26,-1.08,-0.70,0.32,-0.32,-0.93,-1.43,-2.57,-1.02,-1.18
9944.14,-1.97,-0.62,-0.85,0.28,-0.30,-0.99,-1.42,-2.27,-1.15,-1.35
10043.58,-1.69,-0.17,-0.99,0.24,-0.30,-1.05,-1.41,-1.98,-1.29,-1.52
10144.02,-1.37,0.32,-1.12,0.28,-0.30,-1.11,-1.40,-1.67,-1.42,-1.69
10245.46,-1.09,0.77,-1.25,0.32,-0.32,-1.17,-1.39,-1.41,-1.57,-1.86
10347.91,-0.82,1.21,-1.39,0.36,-0.35,-1.24,-1.38,-1.17,-1.74,-2.03
10451.39,-0.61,1.59,-1.52,0.41,-0.39,-1.30,-1.38,-1.00,-1.91,-2.20
10555.91,-0.48,1.89,-1.65,0.45,-0.44,-1.37,-1.38,-0.92,-2.09,-2.37
10661.46,-0.45,2.10,-1.78,0.50,-0.49,-1.43,-1.38,-0.94,-2.28,-2.55
10768.08,-0.62,2.13,-1.92,0.55,-0.55,-1.50,-1.38,-1.16,-2.47,-2.75
10875.76,-0.93,2.01,-2.05,0.60,-0.60,-1.57,-1.39,-1.53,-2.65,-2.94
10984.52,-1.32,1.82,-2.19,0.65,-0.65,-1.63,-1.40,-1.97,-2.84,-3.14
11094.36,-1.82,1.52,-2.32,0.71,-0.71,-1.70,-1.41,-2.53,-3.03,-3.34
11205.31,-2.40,1.13,-2.46,0.77,-0.77,-1.77,-1.43,-3.16,-3.23,-3.53
11317.36,-3.02,0.73,-2.60,0.83,-0.83,-1.84,-1.45,-3.84,-3.42,-3.75
11430.53,-3.60,0.37,-2.73,0.89,-0.89,-1.91,-1.47,-4.49,-3.62,-3.97
11544.84,-4.08,0.10,-2.87,0.95,-0.95,-1.98,-1.49,-5.03,-3.82,-4.18
11660.29,-4.43,-0.03,-3.01,1.02,-1.02,-2.04,-1.53,-5.44,-4.02,-4.40
11776.89,-4.58,0.04,-3.14,1.09,-1.09,-2.11,-1.56,-5.66,-4.23,-4.62
11894.66,-4.37,0.44,-3.28,1.15,-1.15,-2.18,-1.60,-5.52,-4.44,-4.81
12013.60,-3.97,1.04,-3.42,1.23,-1.23,-2.25,-1.64,-5.19,-4.65,-5.01
12133.74,-3.38,1.82,-3.56,1.30,-1.30,-2.31,-1.69,-4.68,-4.86,-5.20
12255.08,-2.64,2.75,-3.70,1.37,-1.37,-2.38,-1.74,-4.01,-5.08,-5.39
12377.63,-1.80,3.78,-3.84,1.45,-1.45,-2.45,-1.80,-3.25,-5.29,-5.58
12501.41,-1.00,4.77,-3.98,1.53,-1.53,-2.51,-1.87,-2.53,-5.51,-5.77
12626.42,-0.24,5.72,-4.12,1.61,-1.61,-2.57,-1.94,-1.85,-5.73,-5.96
12752.68,0.35,6.50,-4.26,1.69,-1.69,-2.64,-2.02,-1.34,-5.96,-6.15
12880.21,0.78,7.12,-4.40,1.78,-1.78,-2.70,-2.11,-1.00,-6.18,-6.34
13009.01,1.08,7.61,-4.55,1.87,-1.87,-2.76,-2.20,-0.78,-6.41,-6.53
13139.10,1.12,7.84,-4.69,1.96,-1.96,-2.82,-2.30,-0.83,-6.64,-6.72
13270.49,0.94,7.84,-4.83,2.05,-2.05,-2.88,-2.41,-1.10,-6.88,-6.90
13403.20,0.67,7.72,-4.98,2.14,-2.14,-2.94,-2.54,-1.47,-7.11,-7.05
13537.23,0.35,7.56,-5.12,2.23,-2.23,-2.99,-2.67,-1.88,-7.35,-7.21
13672.60,0.00,7.37,-5.26,2.33,-2.33,-3.05,-2.82,-2.33,-7.59,-7.37
13809.33,-0.38,7.15,-5.41,2.43,-2.43,-3.10,-2.98,-2.80,-7.84,-7.53
13947.42,-0.78,6.91,-5.55,2.53,-2.53,-3.16,-3.15,-3.31,-8.08,-7.69
14086.90,-1.23,6.61,-5.70,2.63,-2.63,-3.21,-3.34,-3.86,-8.33,-7.84
14227.77,-1.76,6.21,-5.84,2.74,-2.74,-3.26,-3.55,-4.49,-8.58,-7.97
14370.04,-2.38,5.73,-5.99,2.84,-2.84,-3.31,-3.76,-5.22,-8.83,-8.11
14513.74,-3.14,5.11,-6.14,2.95,-2.95,-3.36,-4.00,-6.09,-9.09,-8.25
14658.88,-4.08,4.30,-6.29,3.06,-3.06,-3.40,-4.25,-7.14,-9.35,-8.38
14805.47,-5.12,3.40,-6.43,3.17,-3.17,-3.45,-4.51,-8.29,-9.61,-8.52
14953.52,-6.31,2.35,-6.58,3.29,-3.29,-3.49,-4.78,-9.59,-9.87,-8.66
15103.06,-7.51,1.32,-6.73,3.40,-3.40,-3.54,-5.05,-10.91,-10.13,-8.83
15254.09,-8.66,0.35,-6.88,3.52,-3.52,-3.58,-5.32,-12.18,-10.40,-9.01
15406.63,-9.60,-0.41,-7.03,3.64,-3.64,-3.62,-5.57,-13.24,-10.67,-9.19
15560.70,-10.31,-0.93,-7.18,3.76,-3.76,-3.66,-5.79,-14.07,-10.94,-9.38
15716.30,-10.75,-1.19,-7.33,3.89,-3.89,-3.70,-5.95,-14.63,-11.21,-9.56
15873.47,-10.94,-1.20,-7.48,4.01,-4.01,-3.73,-6.06,-14.95,-11.49,-9.74
16032.20,-10.72,-0.77,-7.63,4.14,-4.14,-3.77,-6.07,-14.86,-11.77,-9.95
16192.52,-10.37,-0.13,-7.78,4.27,-4.27,-3.81,-6.01,-14.64,-12.05,-10.24
16354.45,-9.94,0.59,-7.93,4.40,-4.40,-3.84,-5.83,-14.34,-12.33,-10.53
16517.99,-9.51,1.31,-8.08,4.54,-4.54,-3.87,-5.60,-14.04,-12.62,-10.82
16683.17,-9.18,1.93,-8.24,4.67,-4.67,-3.90,-5.27,-13.85,-12.91,-11.11
16850.01,-8.96,2.44,-8.39,4.81,-4.81,-3.94,-4.91,-13.77,-13.20,-11.40
17018.51,-8.99,2.72,-8.54,4.95,-4.95,-3.96,-4.50,-13.94,-13.49,-11.71
17188.69,-9.17,3.02,-8.70,5.09,-5.09,-3.99,-4.09,-14.26,-13.79,-12.19
17360.58,-9.47,3.19,-8.85,5.23,-5.23,-4.02,-3.68,-14.70,-14.09,-12.66
17534.18,-9.85,3.29,-9.01,5.38,-5.38,-4.05,-3.29,-15.23,-14.39,-13.14
17709.53,-10.26,3.35,-9.16,5.53,-5.53,-4.07,-2.91,-15.78,-14.69,-13.61
17886.62,-10.72,3.37,-9.32,5.68,-5.68,-4.10,-2.56,-16.39,-14.99,-14.09
18065.49,-11.15,3.51,-9.47,5.83,-5.83,-4.12,-2.25,-16.97,-15.30,-14.66
18246.14,-11.49,3.91,-9.63,5.98,-5.98,-4.14,-1.95,-17.47,-15.61,-15.40
18428.60,-11.75,4.39,-9.79,6.14,-6.14,-4.17,-1.69,-17.88,-15.92,-16.14
18612.89,-11.90,4.99,-9.94,6.29,-6.29,-4.19,-1.46,-18.19,-16.24,-16.89
18799.02,-11.85,5.78,-10.10,6.45,-6.45,-4.21,-1.25,-18.30,-16.55,-17.63
18987.01,-11.66,6.71,-10.26,6.61,-6.61,-4.22,-1.06,-18.27,-16.87,-18.37
19176.88,-11.44,7.97,-10.42,6.78,-6.78,-4.24,-0.90,-18.21,-17.19,-19.41
19368.65,-11.17,9.31,-10.58,6.94,-6.94,-4.26,-0.75,-18.11,-17.52,-20.48
19562.33,-10.90,10.64,-10.74,7.11,-7.11,-4.27,-0.63,-18.00,-17.84,-21.54
19757.96,-10.66,11.95,-10.90,7.28,-7.28,-4.29,-0.50,-17.93,-18.17,-22.61
19955.54,-10.53,13.14,-11.06,7.45,-7.45,-4.30,-0.37,-17.97,-18.50,-23.67
