frequency,raw,error,smoothed,error_smoothed,equalization,parametric_eq,equalized_raw,equalized_smoothed,target
20.00,-3.08,-5.57,-3.08,-5.57,5.57,2.15,2.49,2.49,2.49
20.20,-3.05,-5.54,-3.05,-5.54,5.54,2.21,2.50,2.50,2.50
20.40,-3.02,-5.51,-3.02,-5.52,5.52,2.27,2.50,2.50,2.50
20.61,-2.99,-5.49,-2.99,-5.49,5.49,2.34,2.50,2.50,2.50
20.81,-2.97,-5.47,-2.96,-5.46,5.46,2.41,2.50,2.50,2.50
21.02,-2.94,-5.44,-2.93,-5.44,5.44,2.48,2.50,2.50,2.50
21.23,-2.91,-5.41,-2.91,-5.41,5.41,2.55,2.50,2.51,2.51
21.44,-2.88,-5.38,-2.88,-5.38,5.38,2.62,2.51,2.51,2.51
21.66,-2.85,-5.36,-2.85,-5.36,5.36,2.70,2.51,2.51,2.51
21.87,-2.83,-5.34,-2.82,-5.33,5.33,2.78,2.51,2.51,2.51
22.09,-2.80,-5.31,-2.79,-5.31,5.31,2.86,2.51,2.51,2.52
22.31,-2.77,-5.28,-2.76,-5.28,5.28,2.94,2.51,2.52,2.52
22.54,-2.74,-5.26,-2.74,-5.25,5.25,3.02,2.52,2.52,2.52
22.76,-2.71,-5.23,-2.71,-5.23,5.23,3.11,2.52,2.52,2.52
22.99,-2.68,-5.20,-2.68,-5.20,5.20,3.20,2.53,2.52,2.52
23.22,-2.65,-5.17,-2.65,-5.18,5.18,3.29,2.53,2.53,2.52
23.45,-2.63,-5.15,-2.62,-5.15,5.15,3.38,2.52,2.53,2.53
23.69,-2.60,-5.13,-2.60,-5.12,5.12,3.47,2.53,2.53,2.53
23.92,-2.57,-5.10,-2.57,-5.10,5.10,3.57,2.53,2.53,2.53
24.16,-2.54,-5.07,-2.54,-5.07,5.07,3.67,2.54,2.53,2.53
24.40,-2.52,-5.05,-2.51,-5.05,5.05,3.77,2.53,2.54,2.54
24.65,-2.49,-5.03,-2.48,-5.02,5.02,3.87,2.54,2.54,2.54
24.89,-2.46,-5.00,-2.46,-5.00,5.00,3.97,2.54,2.54,2.54
25.14,-2.43,-4.97,-2.43,-4.97,4.97,4.07,2.54,2.54,2.54
25.39,-2.41,-4.95,-2.40,-4.94,4.94,4.17,2.54,2.54,2.55
25.65,-2.38,-4.92,-2.37,-4.92,4.92,4.28,2.54,2.55,2.55
25.91,-2.35,-4.90,-2.34,-4.89,4.89,4.38,2.55,2.55,2.55
26.16,-2.32,-4.87,-2.32,-4.87,4.87,4.49,2.55,2.55,2.55
26.43,-2.29,-4.84,-2.29,-4.84,4.84,4.59,2.55,2.55,2.55
26.69,-2.26,-4.81,-2.26,-4.82,4.82,4.69,2.56,2.55,2.56
26.96,-2.23,-4.78,-2.23,-4.79,4.79,4.79,2.56,2.56,2.56
27.23,-2.21,-4.77,-2.21,-4.76,4.76,4.89,2.56,2.56,2.56
27.50,-2.18,-4.74,-2.18,-4.74,4.74,4.98,2.56,2.56,2.56
27.77,-2.16,-4.72,-2.15,-4.71,4.71,5.07,2.56,2.56,2.56
28.05,-2.13,-4.69,-2.13,-4.69,4.69,5.16,2.56,2.56,2.56
28.33,-2.11,-4.67,-2.10,-4.66,4.66,5.24,2.56,2.56,2.56
28.62,-2.08,-4.64,-2.07,-4.64,4.64,5.32,2.56,2.57,2.57
28.90,-2.05,-4.61,-2.05,-4.61,4.61,5.39,2.57,2.57,2.57
29.19,-2.02,-4.58,-2.02,-4.59,4.59,5.46,2.57,2.57,2.57
29.48,-2.00,-4.56,-2.00,-4.56,4.56,5.52,2.57,2.57,2.57
29.78,-1.98,-4.55,-1.97,-4.54,4.54,5.57,2.56,2.57,2.57
30.08,-1.95,-4.52,-1.95,-4.51,4.51,5.62,2.57,2.57,2.57
30.38,-1.93,-4.50,-1.92,-4.49,4.49,5.65,2.56,2.57,2.57
30.68,-1.90,-4.47,-1.90,-4.47,4.47,5.68,2.57,2.57,2.57
30.99,-1.87,-4.44,-1.87,-4.44,4.44,5.70,2.58,2.57,2.57
31.30,-1.85,-4.42,-1.85,-4.42,4.42,5.71,2.57,2.57,2.57
31.61,-1.83,-4.40,-1.83,-4.40,4.40,5.71,2.57,2.57,2.57
31.93,-1.81,-4.38,-1.81,-4.38,4.38,5.70,2.57,2.57,2.57
32.24,-1.79,-4.35,-1.79,-4.36,4.36,5.69,2.57,2.57,2.57
32.57,-1.77,-4.33,-1.77,-4.34,4.34,5.66,2.57,2.57,2.57
32.89,-1.76,-4.32,-1.75,-4.32,4.32,5.63,2.57,2.57,2.57
33.22,-1.74,-4.30,-1.73,-4.30,4.30,5.59,2.57,2.57,2.57
33.55,-1.72,-4.28,-1.72,-4.29,4.29,5.55,2.57,2.57,2.57
33.89,-1.71,-4.27,-1.70,-4.27,4.27,5.49,2.56,2.57,2.57
34.23,-1.69,-4.25,-1.69,-4.25,4.25,5.44,2.57,2.56,2.56
34.57,-1.68,-4.24,-1.67,-4.24,4.24,5.37,2.56,2.56,2.56
34.92,-1.66,-4.22,-1.66,-4.22,4.22,5.31,2.56,2.56,2.56
35.27,-1.65,-4.21,-1.64,-4.20,4.20,5.24,2.55,2.56,2.56
35.62,-1.63,-4.18,-1.63,-4.18,4.18,5.16,2.56,2.56,2.56
35.97,-1.61,-4.16,-1.61,-4.16,4.16,5.08,2.56,2.55,2.56
36.33,-1.60,-4.15,-1.59,-4.14,4.14,5.00,2.54,2.55,2.55
36.70,-1.58,-4.13,-1.57,-4.12,4.12,4.92,2.54,2.55,2.55
37.06,-1.57,-4.11,-1.55,-4.10,4.10,4.84,2.53,2.55,2.55
37.43,-1.54,-4.08,-1.53,-4.07,4.07,4.76,2.54,2.54,2.55
37.81,-1.51,-4.05,-1.51,-4.05,4.05,4.68,2.54,2.54,2.54
38.19,-1.49,-4.03,-1.49,-4.02,4.02,4.60,2.54,2.54,2.54
38.57,-1.47,-4.00,-1.46,-4.00,4.00,4.52,2.53,2.53,2.54
38.95,-1.44,-3.97,-1.44,-3.97,3.97,4.44,2.54,2.53,2.53
39.34,-1.42,-3.94,-1.42,-3.95,3.95,4.36,2.53,2.53,2.53
39.74,-1.40,-3.92,-1.40,-3.92,3.92,4.28,2.53,2.52,2.52
40.14,-1.37,-3.88,-1.38,-3.90,3.90,4.21,2.53,2.52,2.52
40.54,-1.36,-3.87,-1.36,-3.88,3.88,4.13,2.52,2.51,2.51
40.94,-1.34,-3.85,-1.34,-3.85,3.85,4.06,2.52,2.51,2.51
41.35,-1.33,-3.83,-1.32,-3.83,3.83,3.99,2.50,2.50,2.50
41.76,-1.32,-3.82,-1.31,-3.81,3.81,3.93,2.49,2.50,2.50
42.18,-1.30,-3.79,-1.29,-3.78,3.78,3.86,2.49,2.49,2.50
42.60,-1.28,-3.77,-1.27,-3.76,3.76,3.80,2.48,2.49,2.49
43.03,-1.26,-3.74,-1.25,-3.73,3.73,3.75,2.48,2.48,2.48
43.46,-1.24,-3.72,-1.23,-3.71,3.71,3.69,2.47,2.48,2.48
43.90,-1.22,-3.69,-1.21,-3.68,3.68,3.64,2.47,2.47,2.47
44.33,-1.19,-3.65,-1.19,-3.66,3.66,3.59,2.47,2.46,2.47
44.78,-1.17,-3.63,-1.17,-3.63,3.63,3.54,2.46,2.46,2.46
45.23,-1.15,-3.60,-1.15,-3.60,3.60,3.50,2.45,2.45,2.45
45.68,-1.13,-3.57,-1.13,-3.57,3.57,3.46,2.44,2.44,2.44
46.13,-1.10,-3.53,-1.11,-3.54,3.54,3.42,2.44,2.43,2.44
46.60,-1.09,-3.51,-1.08,-3.51,3.51,3.38,2.42,2.42,2.43
47.06,-1.07,-3.48,-1.06,-3.47,3.47,3.35,2.41,2.41,2.42
47.53,-1.04,-3.44,-1.04,-3.44,3.44,3.32,2.40,2.40,2.41
48.01,-1.02,-3.41,-1.01,-3.40,3.40,3.29,2.39,2.39,2.39
48.49,-1.00,-3.38,-0.99,-3.37,3.37,3.27,2.37,2.38,2.38
48.97,-0.97,-3.34,-0.96,-3.33,3.33,3.24,2.37,2.37,2.37
49.46,-0.95,-3.30,-0.94,-3.30,3.30,3.22,2.35,2.36,2.36
49.96,-0.92,-3.26,-0.92,-3.26,3.26,3.20,2.34,2.34,2.34
50.46,-0.90,-3.23,-0.90,-3.22,3.22,3.19,2.33,2.33,2.33
50.96,-0.87,-3.18,-0.88,-3.19,3.19,3.17,2.32,2.31,2.32
51.47,-0.85,-3.15,-0.86,-3.16,3.16,3.16,2.31,2.30,2.30
51.99,-0.83,-3.11,-0.84,-3.12,3.12,3.14,2.30,2.29,2.29
52.51,-0.81,-3.08,-0.82,-3.09,3.09,3.13,2.28,2.27,2.27
53.03,-0.80,-3.05,-0.80,-3.06,3.06,3.12,2.26,2.26,2.26
53.56,-0.79,-3.03,-0.79,-3.03,3.03,3.11,2.24,2.24,2.24
54.10,-0.79,-3.01,-0.77,-3.00,3.00,3.10,2.21,2.22,2.23
54.64,-0.77,-2.98,-0.76,-2.97,2.97,3.09,2.20,2.21,2.21
55.18,-0.76,-2.95,-0.75,-2.94,2.94,3.08,2.18,2.19,2.19
55.74,-0.75,-2.92,-0.74,-2.91,2.91,3.07,2.17,2.18,2.18
56.29,-0.73,-2.89,-0.73,-2.89,2.89,3.07,2.16,2.16,2.16
56.86,-0.72,-2.86,-0.73,-2.86,2.86,3.06,2.15,2.14,2.14
57.42,-0.72,-2.84,-0.72,-2.84,2.84,3.04,2.13,2.12,2.12
58.00,-0.71,-2.81,-0.72,-2.82,2.82,3.03,2.11,2.10,2.10
58.58,-0.71,-2.79,-0.72,-2.80,2.80,3.02,2.09,2.08,2.09
59.16,-0.71,-2.77,-0.71,-2.78,2.78,3.00,2.07,2.06,2.07
59.76,-0.71,-2.75,-0.71,-2.76,2.76,2.99,2.05,2.04,2.05
60.35,-0.72,-2.74,-0.71,-2.74,2.74,2.97,2.02,2.02,2.03
60.96,-0.73,-2.73,-0.71,-2.72,2.72,2.95,1.99,2.00,2.00
61.57,-0.73,-2.71,-0.72,-2.70,2.70,2.92,1.97,1.98,1.98
62.18,-0.73,-2.68,-0.72,-2.68,2.68,2.90,1.95,1.96,1.96
62.80,-0.73,-2.66,-0.72,-2.65,2.65,2.87,1.93,1.93,1.94
63.43,-0.73,-2.64,-0.72,-2.63,2.63,2.84,1.91,1.91,1.91
64.07,-0.73,-2.61,-0.73,-2.61,2.61,2.81,1.88,1.88,1.89
64.71,-0.73,-2.59,-0.73,-2.58,2.58,2.77,1.86,1.86,1.86
65.35,-0.73,-2.56,-0.73,-2.56,2.56,2.73,1.83,1.83,1.83
66.01,-0.73,-2.53,-0.73,-2.53,2.53,2.69,1.81,1.80,1.81
66.67,-0.73,-2.51,-0.73,-2.51,2.51,2.65,1.78,1.78,1.78
67.33,-0.73,-2.48,-0.73,-2.48,2.48,2.61,1.75,1.75,1.75
68.01,-0.73,-2.45,-0.73,-2.45,2.45,2.56,1.72,1.72,1.72
68.69,-0.73,-2.42,-0.73,-2.42,2.42,2.52,1.69,1.69,1.69
69.37,-0.73,-2.39,-0.73,-2.39,2.39,2.47,1.66,1.66,1.66
70.07,-0.73,-2.36,-0.73,-2.36,2.36,2.42,1.63,1.63,1.63
70.77,-0.73,-2.32,-0.73,-2.32,2.32,2.37,1.60,1.60,1.60
71.48,-0.73,-2.29,-0.73,-2.29,2.29,2.32,1.56,1.56,1.56
72.19,-0.73,-2.26,-0.73,-2.26,2.26,2.26,1.53,1.53,1.53
72.91,-0.73,-2.22,-0.73,-2.22,2.22,2.21,1.50,1.50,1.50
73.64,-0.73,-2.19,-0.73,-2.19,2.19,2.16,1.46,1.46,1.46
74.38,-0.73,-2.15,-0.73,-2.15,2.15,2.10,1.43,1.43,1.43
75.12,-0.73,-2.12,-0.73,-2.12,2.12,2.05,1.39,1.39,1.39
75.87,-0.73,-2.08,-0.73,-2.08,2.08,1.99,1.36,1.36,1.36
76.63,-0.73,-2.05,-0.73,-2.05,2.05,1.94,1.32,1.32,1.32
77.40,-0.73,-2.01,-0.73,-2.01,2.01,1.89,1.28,1.28,1.28
78.17,-0.73,-1.97,-0.73,-1.97,1.97,1.83,1.25,1.25,1.25
78.95,-0.73,-1.94,-0.73,-1.94,1.94,1.78,1.21,1.21,1.21
79.74,-0.73,-1.90,-0.73,-1.90,1.90,1.73,1.17,1.17,1.17
80.54,-0.73,-1.86,-0.73,-1.86,1.86,1.68,1.13,1.13,1.13
81.35,-0.73,-1.82,-0.73,-1.82,1.82,1.63,1.10,1.10,1.10
82.16,-0.73,-1.78,-0.73,-1.78,1.78,1.58,1.06,1.06,1.06
82.98,-0.73,-1.75,-0.73,-1.75,1.75,1.53,1.02,1.02,1.02
83.81,-0.73,-1.71,-0.73,-1.71,1.71,1.48,0.98,0.98,0.98
84.65,-0.73,-1.67,-0.73,-1.67,1.67,1.43,0.94,0.94,0.94
85.50,-0.73,-1.63,-0.73,-1.63,1.63,1.39,0.91,0.91,0.91
86.35,-0.73,-1.59,-0.73,-1.59,1.59,1.34,0.87,0.87,0.87
87.22,-0.73,-1.56,-0.73,-1.56,1.56,1.30,0.83,0.83,0.83
88.09,-0.73,-1.52,-0.73,-1.52,1.52,1.25,0.79,0.79,0.79
88.97,-0.73,-1.48,-0.73,-1.48,1.48,1.21,0.75,0.75,0.75
89.86,-0.73,-1.44,-0.73,-1.44,1.44,1.17,0.72,0.72,0.72
90.76,-0.73,-1.40,-0.73,-1.40,1.40,1.13,0.68,0.68,0.68
91.66,-0.73,-1.36,-0.73,-1.36,1.36,1.09,0.64,0.64,0.64
92.58,-0.73,-1.33,-0.73,-1.32,1.32,1.05,0.60,0.60,0.60
93.51,-0.73,-1.29,-0.73,-1.28,1.28,1.01,0.56,0.56,0.56
94.44,-0.73,-1.25,-0.73,-1.24,1.24,0.98,0.52,0.52,0.52
95.39,-0.73,-1.21,-0.73,-1.20,1.20,0.94,0.48,0.48,0.48
96.34,-0.73,-1.17,-0.73,-1.16,1.16,0.90,0.44,0.44,0.44
97.30,-0.73,-1.12,-0.73,-1.12,1.12,0.87,0.40,0.40,0.40
98.28,-0.73,-1.08,-0.73,-1.08,1.08,0.84,0.35,0.35,0.36
99.26,-0.73,-1.04,-0.73,-1.04,1.04,0.80,0.31,0.31,0.31
100.25,-0.73,-1.00,-0.73,-1.00,1.00,0.77,0.27,0.27,0.27
101.25,-0.73,-0.95,-0.73,-0.95,0.95,0.74,0.23,0.23,0.23
102.27,-0.73,-0.91,-0.73,-0.91,0.91,0.71,0.19,0.19,0.19
103.29,-0.73,-0.87,-0.73,-0.87,0.87,0.68,0.14,0.14,0.14
104.32,-0.73,-0.83,-0.73,-0.83,0.83,0.65,0.10,0.10,0.10
105.37,-0.73,-0.78,-0.73,-0.78,0.78,0.62,0.06,0.06,0.06
106.42,-0.73,-0.74,-0.73,-0.74,0.74,0.59,0.01,0.01,0.02
107.48,-0.73,-0.70,-0.73,-0.70,0.70,0.56,-0.03,-0.03,-0.03
108.56,-0.73,-0.66,-0.73,-0.65,0.65,0.53,-0.07,-0.07,-0.07
109.64,-0.73,-0.61,-0.73,-0.61,0.61,0.51,-0.12,-0.12,-0.11
110.74,-0.73,-0.57,-0.73,-0.57,0.57,0.48,-0.16,-0.16,-0.16
111.85,-0.73,-0.53,-0.73,-0.52,0.52,0.45,-0.20,-0.20,-0.20
112.97,-0.73,-0.48,-0.73,-0.48,0.48,0.43,-0.25,-0.25,-0.24
114.10,-0.73,-0.44,-0.73,-0.44,0.44,0.40,-0.29,-0.29,-0.29
115.24,-0.73,-0.40,-0.73,-0.40,0.40,0.38,-0.33,-0.33,-0.33
116.39,-0.73,-0.35,-0.73,-0.35,0.35,0.35,-0.37,-0.37,-0.37
117.55,-0.73,-0.31,-0.73,-0.31,0.31,0.33,-0.42,-0.42,-0.42
118.73,-0.73,-0.27,-0.73,-0.27,0.27,0.30,-0.46,-0.46,-0.46
119.92,-0.73,-0.23,-0.73,-0.23,0.23,0.28,-0.50,-0.50,-0.50
121.12,-0.73,-0.18,-0.73,-0.19,0.19,0.26,-0.54,-0.54,-0.54
122.33,-0.73,-0.15,-0.73,-0.15,0.15,0.23,-0.58,-0.58,-0.58
123.55,-0.73,-0.11,-0.73,-0.11,0.11,0.21,-0.62,-0.62,-0.62
124.79,-0.73,-0.07,-0.73,-0.07,0.07,0.19,-0.66,-0.66,-0.66
126.03,-0.73,-0.03,-0.73,-0.03,0.03,0.16,-0.70,-0.70,-0.70
127.29,-0.73,0.01,-0.73,0.01,-0.01,0.14,-0.73,-0.73,-0.73
128.57,-0.73,0.04,-0.73,0.04,-0.04,0.12,-0.77,-0.77,-0.77
129.85,-0.73,0.08,-0.73,0.08,-0.08,0.10,-0.80,-0.80,-0.80
131.15,-0.73,0.11,-0.73,0.11,-0.11,0.07,-0.84,-0.84,-0.84
132.46,-0.73,0.14,-0.73,0.14,-0.14,0.05,-0.87,-0.87,-0.87
133.79,-0.73,0.18,-0.73,0.18,-0.18,0.03,-0.90,-0.90,-0.90
135.12,-0.73,0.21,-0.73,0.21,-0.21,0.01,-0.93,-0.93,-0.93
136.48,-0.73,0.24,-0.73,0.24,-0.24,-0.02,-0.96,-0.96,-0.96
137.84,-0.73,0.27,-0.73,0.27,-0.27,-0.04,-0.99,-0.99,-0.99
139.22,-0.73,0.30,-0.73,0.30,-0.30,-0.06,-1.02,-1.02,-1.02
140.61,-0.73,0.32,-0.73,0.32,-0.32,-0.09,-1.05,-1.05,-1.05
142.02,-0.73,0.35,-0.73,0.35,-0.35,-0.11,-1.08,-1.08,-1.08
143.44,-0.73,0.38,-0.73,0.38,-0.38,-0.13,-1.10,-1.11,-1.10
144.87,-0.73,0.40,-0.73,0.41,-0.41,-0.15,-1.13,-1.13,-1.13
146.32,-0.73,0.43,-0.73,0.43,-0.43,-0.18,-1.16,-1.16,-1.16
147.78,-0.73,0.45,-0.73,0.46,-0.46,-0.20,-1.19,-1.19,-1.18
149.26,-0.73,0.48,-0.72,0.49,-0.49,-0.23,-1.21,-1.21,-1.21
150.75,-0.73,0.50,-0.72,0.52,-0.52,-0.25,-1.24,-1.24,-1.23
152.26,-0.73,0.53,-0.72,0.54,-0.54,-0.28,-1.27,-1.26,-1.25
153.78,-0.73,0.55,-0.72,0.57,-0.57,-0.30,-1.30,-1.29,-1.28
155.32,-0.73,0.58,-0.71,0.60,-0.60,-0.33,-1.32,-1.31,-1.31
156.88,-0.73,0.60,-0.71,0.62,-0.62,-0.35,-1.35,-1.34,-1.33
158.44,-0.72,0.64,-0.71,0.65,-0.65,-0.38,-1.36,-1.36,-1.36
160.03,-0.71,0.67,-0.72,0.67,-0.67,-0.40,-1.37,-1.38,-1.38
161.63,-0.71,0.70,-0.72,0.69,-0.69,-0.43,-1.39,-1.41,-1.41
163.24,-0.72,0.71,-0.73,0.70,-0.70,-0.46,-1.42,-1.43,-1.43
164.88,-0.73,0.73,-0.75,0.71,-0.71,-0.49,-1.44,-1.45,-1.46
166.53,-0.75,0.73,-0.76,0.72,-0.72,-0.52,-1.46,-1.48,-1.48
168.19,-0.77,0.74,-0.78,0.72,-0.72,-0.54,-1.48,-1.50,-1.50
169.87,-0.80,0.73,-0.81,0.72,-0.72,-0.57,-1.51,-1.52,-1.53
171.57,-0.83,0.72,-0.83,0.71,-0.71,-0.60,-1.54,-1.55,-1.55
173.29,-0.86,0.71,-0.86,0.70,-0.70,-0.63,-1.56,-1.57,-1.57
175.02,-0.90,0.69,-0.89,0.70,-0.70,-0.67,-1.59,-1.59,-1.59
176.77,-0.94,0.67,-0.93,0.69,-0.69,-0.70,-1.62,-1.61,-1.60
178.54,-0.96,0.67,-0.95,0.67,-0.67,-0.73,-1.63,-1.63,-1.62
180.32,-0.99,0.65,-0.98,0.66,-0.66,-0.76,-1.65,-1.65,-1.64
182.13,-1.02,0.64,-1.00,0.66,-0.66,-0.80,-1.67,-1.66,-1.65
183.95,-1.05,0.62,-1.02,0.65,-0.65,-0.83,-1.70,-1.67,-1.66
185.79,-1.07,0.61,-1.04,0.65,-0.65,-0.87,-1.71,-1.69,-1.68
187.65,-1.08,0.61,-1.05,0.65,-0.65,-0.90,-1.72,-1.70,-1.69
189.52,-1.08,0.62,-1.06,0.65,-0.65,-0.94,-1.72,-1.71,-1.70
191.42,-1.07,0.64,-1.07,0.65,-0.65,-0.97,-1.72,-1.72,-1.71
193.33,-1.07,0.65,-1.07,0.65,-0.65,-1.01,-1.72,-1.73,-1.72
195.27,-1.06,0.67,-1.07,0.66,-0.66,-1.05,-1.71,-1.73,-1.73
197.22,-1.06,0.68,-1.08,0.66,-0.66,-1.08,-1.72,-1.74,-1.74
199.19,-1.06,0.69,-1.08,0.67,-0.67,-1.12,-1.73,-1.75,-1.75
201.18,-1.06,0.70,-1.08,0.68,-0.68,-1.16,-1.74,-1.76,-1.76
203.19,-1.06,0.71,-1.08,0.69,-0.69,-1.20,-1.75,-1.76,-1.76
205.23,-1.07,0.71,-1.07,0.70,-0.70,-1.23,-1.77,-1.77,-1.77
207.28,-1.08,0.71,-1.07,0.71,-0.71,-1.27,-1.79,-1.78,-1.78
209.35,-1.08,0.72,-1.07,0.73,-0.73,-1.31,-1.80,-1.80,-1.79
211.44,-1.07,0.74,-1.07,0.74,-0.74,-1.35,-1.81,-1.81,-1.80
213.56,-1.06,0.76,-1.06,0.77,-0.77,-1.38,-1.82,-1.82,-1.81
215.69,-1.05,0.78,-1.04,0.79,-0.79,-1.42,-1.84,-1.83,-1.82
217.85,-1.04,0.80,-1.02,0.82,-0.82,-1.46,-1.86,-1.84,-1.83
220.03,-1.02,0.83,-1.00,0.86,-0.86,-1.49,-1.87,-1.85,-1.84
222.23,-0.99,0.87,-0.96,0.90,-0.90,-1.52,-1.88,-1.86,-1.85
224.45,-0.94,0.92,-0.92,0.95,-0.95,-1.55,-1.88,-1.87,-1.86
226.70,-0.90,0.97,-0.88,1.00,-1.00,-1.59,-1.89,-1.88,-1.87
228.96,-0.84,1.04,-0.83,1.06,-1.06,-1.61,-1.89,-1.88,-1.88
231.25,-0.79,1.10,-0.77,1.12,-1.12,-1.64,-1.91,-1.89,-1.88
233.57,-0.72,1.17,-0.71,1.19,-1.19,-1.67,-1.90,-1.89,-1.89
235.90,-0.62,1.28,-0.64,1.26,-1.26,-1.69,-1.87,-1.90,-1.89
238.26,-0.57,1.33,-0.57,1.33,-1.33,-1.71,-1.90,-1.90,-1.90
240.64,-0.49,1.42,-0.50,1.40,-1.40,-1.73,-1.89,-1.90,-1.90
243.05,-0.43,1.48,-0.43,1.48,-1.48,-1.75,-1.91,-1.91,-1.91
245.48,-0.36,1.55,-0.36,1.55,-1.55,-1.76,-1.91,-1.91,-1.91
247.93,-0.28,1.64,-0.29,1.63,-1.63,-1.77,-1.91,-1.92,-1.91
250.41,-0.22,1.70,-0.22,1.70,-1.70,-1.78,-1.92,-1.92,-1.92
252.92,-0.15,1.77,-0.15,1.77,-1.77,-1.79,-1.92,-1.93,-1.92
255.45,-0.09,1.84,-0.09,1.84,-1.84,-1.79,-1.93,-1.93,-1.93
258.00,-0.04,1.90,-0.03,1.91,-1.91,-1.79,-1.94,-1.94,-1.93
260.58,0.02,1.96,0.03,1.97,-1.97,-1.79,-1.94,-1.94,-1.94
263.19,0.06,2.01,0.08,2.02,-2.02,-1.79,-1.96,-1.95,-1.94
265.82,0.11,2.06,0.12,2.07,-2.07,-1.79,-1.96,-1.95,-1.95
268.48,0.15,2.11,0.16,2.11,-2.11,-1.78,-1.96,-1.96,-1.96
271.16,0.19,2.16,0.19,2.15,-2.15,-1.77,-1.96,-1.96,-1.96
273.87,0.22,2.19,0.21,2.18,-2.18,-1.76,-1.95,-1.97,-1.97
276.61,0.24,2.22,0.22,2.19,-2.19,-1.75,-1.95,-1.97,-1.98
279.38,0.25,2.24,0.23,2.20,-2.20,-1.73,-1.95,-1.98,-1.98
282.17,0.25,2.24,0.22,2.20,-2.20,-1.72,-1.95,-1.98,-1.99
284.99,0.24,2.23,0.21,2.20,-2.20,-1.70,-1.95,-1.99,-1.99
287.84,0.21,2.21,0.19,2.19,-2.19,-1.69,-1.97,-1.99,-1.99
290.72,0.17,2.17,0.17,2.17,-2.17,-1.67,-1.99,-2.00,-2.00
293.63,0.13,2.13,0.14,2.14,-2.14,-1.65,-2.01,-2.00,-2.00
296.57,0.10,2.10,0.11,2.11,-2.11,-1.63,-2.01,-2.00,-2.00
299.53,0.06,2.06,0.07,2.08,-2.08,-1.61,-2.02,-2.01,-2.00
302.53,0.02,2.02,0.04,2.05,-2.05,-1.60,-2.03,-2.01,-2.00
305.55,-0.01,1.99,0.01,2.02,-2.02,-1.58,-2.03,-2.01,-2.00
308.61,-0.04,1.96,-0.02,1.99,-1.99,-1.56,-2.03,-2.01,-1.99
311.69,-0.07,1.93,-0.04,1.96,-1.96,-1.54,-2.03,-2.01,-1.99
314.81,-0.08,1.92,-0.06,1.94,-1.94,-1.52,-2.02,-2.00,-1.99
317.96,-0.10,1.89,-0.08,1.92,-1.92,-1.51,-2.02,-2.00,-1.99
321.14,-0.11,1.88,-0.09,1.91,-1.91,-1.49,-2.02,-2.00,-1.99
324.35,-0.11,1.88,-0.09,1.90,-1.90,-1.48,-2.01,-1.99,-1.98
327.59,-0.10,1.89,-0.10,1.89,-1.89,-1.46,-1.99,-1.99,-1.98
330.87,-0.09,1.89,-0.10,1.89,-1.89,-1.45,-1.98,-1.99,-1.98
334.18,-0.08,1.90,-0.09,1.89,-1.89,-1.44,-1.97,-1.98,-1.98
337.52,-0.08,1.90,-0.09,1.89,-1.89,-1.42,-1.97,-1.98,-1.97
340.90,-0.08,1.90,-0.08,1.89,-1.89,-1.41,-1.97,-1.97,-1.97
344.30,-0.08,1.89,-0.07,1.90,-1.90,-1.40,-1.97,-1.97,-1.97
347.75,-0.08,1.89,-0.07,1.90,-1.90,-1.39,-1.98,-1.97,-1.97
351.23,-0.08,1.89,-0.06,1.90,-1.90,-1.39,-1.98,-1.96,-1.97
354.74,-0.07,1.90,-0.06,1.90,-1.90,-1.38,-1.96,-1.96,-1.96
358.28,-0.06,1.90,-0.07,1.89,-1.89,-1.38,-1.95,-1.96,-1.96
361.87,-0.06,1.90,-0.07,1.88,-1.88,-1.37,-1.94,-1.96,-1.96
365.49,-0.07,1.89,-0.08,1.87,-1.87,-1.37,-1.94,-1.95,-1.96
369.14,-0.09,1.87,-0.10,1.85,-1.85,-1.37,-1.94,-1.95,-1.95
372.83,-0.10,1.85,-0.12,1.83,-1.83,-1.36,-1.93,-1.95,-1.95
376.56,-0.13,1.82,-0.14,1.81,-1.81,-1.36,-1.93,-1.94,-1.95
380.33,-0.15,1.80,-0.16,1.78,-1.78,-1.36,-1.92,-1.94,-1.94
384.13,-0.19,1.75,-0.19,1.75,-1.75,-1.37,-1.93,-1.94,-1.94
387.97,-0.22,1.72,-0.22,1.72,-1.72,-1.37,-1.93,-1.94,-1.93
391.85,-0.25,1.68,-0.25,1.68,-1.68,-1.37,-1.93,-1.93,-1.93
395.77,-0.29,1.64,-0.28,1.65,-1.65,-1.38,-1.94,-1.93,-1.92
399.73,-0.32,1.60,-0.31,1.62,-1.62,-1.38,-1.93,-1.93,-1.92
403.72,-0.35,1.57,-0.34,1.59,-1.59,-1.39,-1.93,-1.92,-1.91
407.76,-0.38,1.53,-0.36,1.56,-1.56,-1.40,-1.94,-1.92,-1.91
411.84,-0.40,1.50,-0.38,1.54,-1.54,-1.40,-1.93,-1.91,-1.90
415.96,-0.42,1.48,-0.39,1.52,-1.52,-1.41,-1.93,-1.91,-1.90
420.12,-0.43,1.46,-0.40,1.50,-1.50,-1.42,-1.93,-1.90,-1.89
424.32,-0.43,1.46,-0.41,1.49,-1.49,-1.43,-1.91,-1.90,-1.89
428.56,-0.42,1.47,-0.42,1.48,-1.48,-1.44,-1.89,-1.89,-1.88
432.85,-0.41,1.48,-0.42,1.47,-1.47,-1.45,-1.88,-1.89,-1.88
437.18,-0.41,1.47,-0.42,1.47,-1.47,-1.46,-1.87,-1.89,-1.88
441.55,-0.41,1.47,-0.42,1.47,-1.47,-1.47,-1.87,-1.88,-1.88
445.96,-0.41,1.47,-0.42,1.46,-1.46,-1.48,-1.87,-1.88,-1.88
450.42,-0.41,1.47,-0.41,1.46,-1.46,-1.49,-1.87,-1.88,-1.88
454.93,-0.41,1.47,-0.41,1.47,-1.47,-1.50,-1.87,-1.88,-1.88
459.48,-0.41,1.47,-0.41,1.47,-1.47,-1.51,-1.87,-1.87,-1.88
464.07,-0.41,1.47,-0.41,1.47,-1.47,-1.51,-1.87,-1.87,-1.87
468.71,-0.41,1.47,-0.40,1.47,-1.47,-1.52,-1.87,-1.87,-1.87
473.40,-0.41,1.47,-0.40,1.46,-1.46,-1.53,-1.87,-1.87,-1.87
478.13,-0.41,1.46,-0.40,1.46,-1.46,-1.54,-1.86,-1.86,-1.87
482.91,-0.41,1.46,-0.40,1.45,-1.45,-1.54,-1.86,-1.86,-1.86
487.74,-0.41,1.45,-0.41,1.45,-1.45,-1.55,-1.85,-1.85,-1.86
492.62,-0.41,1.44,-0.41,1.44,-1.44,-1.55,-1.84,-1.85,-1.85
497.55,-0.41,1.44,-0.41,1.43,-1.43,-1.55,-1.83,-1.84,-1.84
502.52,-0.41,1.43,-0.41,1.42,-1.42,-1.56,-1.82,-1.83,-1.83
507.55,-0.41,1.42,-0.42,1.41,-1.41,-1.56,-1.81,-1.82,-1.82
512.62,-0.41,1.40,-0.42,1.40,-1.40,-1.56,-1.80,-1.82,-1.81
517.75,-0.41,1.40,-0.42,1.39,-1.39,-1.56,-1.80,-1.81,-1.80
522.93,-0.42,1.38,-0.42,1.38,-1.38,-1.56,-1.80,-1.80,-1.79
528.16,-0.42,1.37,-0.42,1.37,-1.37,-1.56,-1.79,-1.79,-1.78
533.44,-0.43,1.35,-0.41,1.37,-1.37,-1.56,-1.80,-1.78,-1.78
538.77,-0.43,1.34,-0.41,1.37,-1.37,-1.56,-1.79,-1.77,-1.77
544.16,-0.42,1.34,-0.40,1.37,-1.37,-1.55,-1.78,-1.76,-1.76
549.60,-0.40,1.35,-0.38,1.37,-1.37,-1.55,-1.77,-1.75,-1.75
555.10,-0.38,1.36,-0.36,1.38,-1.38,-1.55,-1.75,-1.74,-1.74
560.65,-0.36,1.37,-0.34,1.39,-1.39,-1.54,-1.74,-1.73,-1.73
566.25,-0.33,1.39,-0.32,1.40,-1.40,-1.54,-1.72,-1.71,-1.71
571.92,-0.30,1.40,-0.29,1.41,-1.41,-1.53,-1.71,-1.70,-1.70
577.64,-0.26,1.43,-0.26,1.43,-1.43,-1.53,-1.68,-1.68,-1.68
583.41,-0.23,1.44,-0.23,1.44,-1.44,-1.53,-1.67,-1.67,-1.67
589.25,-0.20,1.46,-0.20,1.46,-1.46,-1.52,-1.65,-1.65,-1.65
595.14,-0.17,1.47,-0.17,1.47,-1.47,-1.52,-1.64,-1.64,-1.64
601.09,-0.13,1.50,-0.14,1.49,-1.49,-1.52,-1.61,-1.63,-1.63
607.10,-0.10,1.52,-0.12,1.50,-1.50,-1.52,-1.59,-1.62,-1.62
613.17,-0.09,1.52,-0.10,1.51,-1.51,-1.52,-1.59,-1.61,-1.61
619.30,-0.07,1.54,-0.09,1.52,-1.52,-1.52,-1.58,-1.61,-1.60
625.50,-0.06,1.54,-0.08,1.52,-1.52,-1.52,-1.58,-1.60,-1.60
631.75,-0.07,1.53,-0.07,1.53,-1.53,-1.52,-1.59,-1.60,-1.59
638.07,-0.07,1.52,-0.07,1.53,-1.53,-1.52,-1.60,-1.60,-1.59
644.45,-0.08,1.51,-0.06,1.53,-1.53,-1.52,-1.61,-1.59,-1.59
650.89,-0.08,1.51,-0.06,1.53,-1.53,-1.53,-1.61,-1.59,-1.59
657.40,-0.08,1.52,-0.06,1.53,-1.53,-1.53,-1.61,-1.59,-1.59
663.98,-0.08,1.52,-0.07,1.53,-1.53,-1.54,-1.60,-1.60,-1.60
670.62,-0.08,1.52,-0.07,1.53,-1.53,-1.55,-1.60,-1.60,-1.60
677.32,-0.08,1.52,-0.07,1.52,-1.52,-1.55,-1.60,-1.60,-1.60
684.10,-0.08,1.52,-0.08,1.52,-1.52,-1.56,-1.60,-1.60,-1.60
690.94,-0.08,1.52,-0.08,1.52,-1.52,-1.58,-1.60,-1.60,-1.60
697.85,-0.08,1.52,-0.08,1.52,-1.52,-1.59,-1.60,-1.60,-1.60
704.83,-0.08,1.52,-0.08,1.52,-1.52,-1.60,-1.60,-1.60,-1.60
711.87,-0.08,1.52,-0.08,1.52,-1.52,-1.62,-1.59,-1.59,-1.59
718.99,-0.08,1.51,-0.08,1.52,-1.52,-1.63,-1.59,-1.59,-1.59
726.18,-0.08,1.51,-0.08,1.52,-1.52,-1.65,-1.59,-1.59,-1.59
733.44,-0.08,1.51,-0.08,1.51,-1.51,-1.67,-1.59,-1.59,-1.59
740.78,-0.08,1.51,-0.08,1.51,-1.51,-1.69,-1.59,-1.59,-1.59
748.19,-0.08,1.51,-0.08,1.51,-1.51,-1.71,-1.59,-1.59,-1.59
755.67,-0.08,1.51,-0.08,1.51,-1.51,-1.73,-1.59,-1.59,-1.59
763.23,-0.08,1.51,-0.08,1.51,-1.51,-1.76,-1.58,-1.58,-1.59
770.86,-0.08,1.51,-0.08,1.51,-1.51,-1.78,-1.58,-1.58,-1.58
778.57,-0.08,1.51,-0.08,1.51,-1.51,-1.81,-1.58,-1.58,-1.58
786.35,-0.08,1.51,-0.08,1.50,-1.50,-1.83,-1.58,-1.58,-1.58
794.22,-0.08,1.50,-0.08,1.50,-1.50,-1.86,-1.58,-1.58,-1.58
802.16,-0.08,1.50,-0.08,1.50,-1.50,-1.89,-1.58,-1.58,-1.58
810.18,-0.08,1.50,-0.08,1.50,-1.50,-1.92,-1.58,-1.58,-1.58
818.28,-0.08,1.50,-0.08,1.50,-1.50,-1.95,-1.58,-1.58,-1.58
826.46,-0.08,1.50,-0.08,1.51,-1.51,-1.97,-1.58,-1.58,-1.58
834.73,-0.08,1.50,-0.07,1.51,-1.51,-2.00,-1.58,-1.58,-1.58
843.08,-0.08,1.51,-0.07,1.51,-1.51,-2.03,-1.59,-1.58,-1.58
851.51,-0.08,1.51,-0.07,1.51,-1.51,-2.06,-1.59,-1.59,-1.59
860.02,-0.08,1.52,-0.08,1.52,-1.52,-2.09,-1.59,-1.59,-1.59
868.62,-0.08,1.52,-0.08,1.52,-1.52,-2.12,-1.60,-1.60,-1.60
877.31,-0.08,1.53,-0.08,1.53,-1.53,-2.15,-1.60,-1.61,-1.61
886.08,-0.08,1.54,-0.08,1.54,-1.54,-2.18,-1.61,-1.62,-1.62
894.94,-0.08,1.55,-0.09,1.55,-1.55,-2.20,-1.62,-1.63,-1.63
903.89,-0.08,1.57,-0.09,1.56,-1.56,-2.23,-1.63,-1.65,-1.65
912.93,-0.09,1.58,-0.09,1.57,-1.57,-2.25,-1.66,-1.67,-1.66
922.06,-0.09,1.59,-0.09,1.59,-1.59,-2.27,-1.68,-1.68,-1.68
931.28,-0.10,1.60,-0.09,1.61,-1.61,-2.29,-1.71,-1.70,-1.70
940.59,-0.11,1.61,-0.09,1.64,-1.64,-2.31,-1.74,-1.73,-1.72
950.00,-0.10,1.64,-0.08,1.67,-1.67,-2.33,-1.76,-1.75,-1.74
959.50,-0.09,1.67,-0.07,1.70,-1.70,-2.34,-1.79,-1.77,-1.76
969.09,-0.08,1.71,-0.06,1.74,-1.74,-2.35,-1.81,-1.80,-1.78
978.78,-0.06,1.75,-0.04,1.78,-1.78,-2.36,-1.84,-1.82,-1.81
988.57,-0.03,1.80,-0.02,1.83,-1.83,-2.37,-1.85,-1.84,-1.83
998.46,-0.01,1.85,0.01,1.87,-1.87,-2.37,-1.88,-1.87,-1.85
1008.44,0.03,1.92,0.04,1.93,-1.93,-2.38,-1.89,-1.89,-1.88
1018.53,0.06,1.97,0.07,1.98,-1.98,-2.37,-1.91,-1.91,-1.91
1028.71,0.09,2.03,0.09,2.03,-2.03,-2.37,-1.94,-1.94,-1.94
1039.00,0.13,2.10,0.12,2.08,-2.08,-2.36,-1.95,-1.96,-1.96
1049.39,0.16,2.15,0.15,2.14,-2.14,-2.36,-1.97,-1.99,-1.99
1059.88,0.19,2.21,0.17,2.19,-2.19,-2.34,-1.99,-2.02,-2.02
1070.48,0.22,2.27,0.19,2.23,-2.23,-2.33,-2.01,-2.05,-2.05
1081.19,0.23,2.31,0.21,2.28,-2.28,-2.32,-2.05,-2.07,-2.08
1092.00,0.24,2.35,0.22,2.32,-2.32,-2.30,-2.08,-2.10,-2.10
1102.92,0.24,2.37,0.24,2.36,-2.36,-2.28,-2.12,-2.13,-2.13
1113.95,0.24,2.40,0.25,2.40,-2.40,-2.26,-2.16,-2.15,-2.15
1125.09,0.24,2.42,0.27,2.44,-2.44,-2.24,-2.19,-2.17,-2.17
1136.34,0.25,2.45,0.28,2.47,-2.47,-2.22,-2.22,-2.19,-2.19
1147.70,0.27,2.48,0.29,2.50,-2.50,-2.19,-2.23,-2.21,-2.21
1159.18,0.29,2.51,0.31,2.53,-2.53,-2.17,-2.24,-2.22,-2.22
1170.77,0.32,2.55,0.33,2.56,-2.56,-2.15,-2.24,-2.23,-2.23
1182.48,0.35,2.59,0.36,2.59,-2.59,-2.12,-2.24,-2.23,-2.23
1194.30,0.38,2.62,0.38,2.62,-2.62,-2.10,-2.23,-2.23,-2.23
1206.25,0.41,2.64,0.41,2.64,-2.64,-2.08,-2.22,-2.22,-2.23
1218.31,0.44,2.66,0.44,2.66,-2.66,-2.05,-2.22,-2.22,-2.22
1230.49,0.47,2.68,0.48,2.68,-2.68,-2.03,-2.21,-2.20,-2.21
1242.80,0.51,2.71,0.51,2.70,-2.70,-2.01,-2.18,-2.19,-2.19
1255.22,0.55,2.73,0.54,2.71,-2.71,-1.98,-2.16,-2.17,-2.17
1267.78,0.59,2.74,0.58,2.72,-2.72,-1.96,-2.13,-2.14,-2.15
1280.45,0.63,2.75,0.61,2.73,-2.73,-1.94,-2.10,-2.12,-2.12
1293.26,0.66,2.75,0.65,2.74,-2.74,-1.93,-2.07,-2.09,-2.09
1306.19,0.68,2.74,0.68,2.74,-2.74,-1.91,-2.06,-2.06,-2.06
1319.25,0.70,2.72,0.72,2.74,-2.74,-1.89,-2.04,-2.02,-2.02
1332.45,0.72,2.71,0.76,2.74,-2.74,-1.88,-2.02,-1.99,-1.98
1345.77,0.77,2.72,0.79,2.74,-2.74,-1.86,-1.97,-1.95,-1.94
1359.23,0.82,2.73,0.83,2.74,-2.74,-1.85,-1.92,-1.91,-1.90
1372.82,0.87,2.74,0.87,2.74,-2.74,-1.84,-1.86,-1.87,-1.86
1386.55,0.92,2.74,0.91,2.73,-2.73,-1.83,-1.81,-1.83,-1.82
1400.41,0.95,2.73,0.95,2.73,-2.73,-1.82,-1.78,-1.78,-1.78
1414.42,0.99,2.72,0.99,2.73,-2.73,-1.82,-1.73,-1.74,-1.73
1428.56,1.04,2.73,1.03,2.72,-2.72,-1.81,-1.68,-1.69,-1.68
1442.85,1.08,2.72,1.08,2.71,-2.71,-1.81,-1.63,-1.64,-1.63
1457.28,1.12,2.71,1.12,2.71,-2.71,-1.81,-1.58,-1.58,-1.58
1471.85,1.16,2.69,1.17,2.70,-2.70,-1.81,-1.53,-1.53,-1.53
1486.57,1.20,2.68,1.22,2.69,-2.69,-1.81,-1.48,-1.47,-1.47
1501.43,1.25,2.67,1.26,2.67,-2.67,-1.81,-1.42,-1.41,-1.42
1516.45,1.30,2.66,1.31,2.66,-2.66,-1.81,-1.36,-1.35,-1.36
1531.61,1.36,2.65,1.36,2.64,-2.64,-1.82,-1.28,-1.29,-1.29
1546.93,1.42,2.65,1.41,2.63,-2.63,-1.83,-1.20,-1.22,-1.22
1562.40,1.47,2.62,1.46,2.61,-2.61,-1.83,-1.13,-1.15,-1.15
1578.02,1.50,2.58,1.51,2.58,-2.58,-1.84,-1.08,-1.07,-1.07
1593.80,1.55,2.55,1.56,2.56,-2.56,-1.85,-1.01,-1.00,-1.00
1609.74,1.61,2.53,1.62,2.53,-2.53,-1.86,-0.92,-0.92,-0.92
1625.84,1.67,2.50,1.67,2.51,-2.51,-1.87,-0.83,-0.83,-0.83
1642.10,1.73,2.48,1.73,2.48,-2.48,-1.88,-0.74,-0.75,-0.74
1658.52,1.79,2.45,1.79,2.45,-2.45,-1.89,-0.65,-0.66,-0.66
1675.10,1.85,2.42,1.85,2.41,-2.41,-1.90,-0.56,-0.56,-0.56
1691.85,1.91,2.38,1.91,2.38,-2.38,-1.92,-0.47,-0.47,-0.47
1708.77,1.96,2.33,1.97,2.34,-2.34,-1.93,-0.38,-0.37,-0.37
1725.86,2.02,2.29,2.04,2.31,-2.31,-1.94,-0.28,-0.27,-0.27
1743.12,2.09,2.26,2.11,2.27,-2.27,-1.95,-0.17,-0.16,-0.16
1760.55,2.17,2.23,2.18,2.23,-2.23,-1.96,-0.05,-0.05,-0.06
1778.15,2.25,2.20,2.24,2.19,-2.19,-1.96,0.07,0.06,0.05
1795.94,2.31,2.15,2.32,2.14,-2.14,-1.97,0.17,0.17,0.17
1813.90,2.38,2.10,2.39,2.10,-2.10,-1.97,0.28,0.29,0.28
1832.03,2.45,2.05,2.46,2.05,-2.05,-1.98,0.40,0.40,0.40
1850.36,2.53,2.01,2.53,2.01,-2.01,-1.98,0.53,0.52,0.52
1868.86,2.61,1.97,2.60,1.96,-1.96,-1.98,0.65,0.64,0.65
1887.55,2.68,1.91,2.67,1.91,-1.91,-1.97,0.77,0.76,0.77
1906.42,2.74,1.85,2.75,1.86,-1.86,-1.97,0.88,0.88,0.90
1925.49,2.81,1.79,2.82,1.81,-1.81,-1.96,1.00,1.01,1.02
1944.74,2.89,1.75,2.89,1.76,-1.76,-1.94,1.13,1.13,1.14
1964.19,2.96,1.70,2.96,1.71,-1.71,-1.93,1.25,1.25,1.27
1983.83,3.02,1.63,3.03,1.66,-1.66,-1.91,1.36,1.37,1.39
2003.67,3.08,1.57,3.10,1.61,-1.61,-1.88,1.47,1.49,1.51
2023.71,3.16,1.53,3.17,1.56,-1.56,-1.86,1.60,1.61,1.63
2043.94,3.24,1.50,3.24,1.51,-1.51,-1.83,1.74,1.73,1.75
2064.38,3.31,1.45,3.31,1.46,-1.46,-1.80,1.86,1.85,1.87
2085.03,3.38,1.40,3.38,1.40,-1.40,-1.76,1.98,1.97,1.98
2105.88,3.44,1.34,3.44,1.35,-1.35,-1.72,2.09,2.09,2.10
2126.94,3.51,1.30,3.51,1.30,-1.30,-1.68,2.22,2.21,2.22
2148.20,3.57,1.24,3.57,1.24,-1.24,-1.63,2.33,2.32,2.33
2169.69,3.62,1.18,3.63,1.19,-1.19,-1.58,2.43,2.44,2.44
2191.38,3.68,1.13,3.68,1.13,-1.13,-1.53,2.55,2.55,2.55
2213.30,3.73,1.07,3.74,1.08,-1.08,-1.48,2.65,2.66,2.66
2235.43,3.79,1.02,3.80,1.02,-1.02,-1.42,2.77,2.77,2.77
2257.78,3.84,0.97,3.85,0.97,-0.97,-1.36,2.87,2.88,2.88
2280.36,3.88,0.90,3.89,0.91,-0.91,-1.30,2.97,2.98,2.98
2303.17,3.93,0.85,3.94,0.85,-0.85,-1.24,3.08,3.09,3.08
2326.20,3.97,0.79,3.98,0.80,-0.80,-1.18,3.18,3.19,3.19
2349.46,4.01,0.73,4.02,0.74,-0.74,-1.11,3.28,3.28,3.28
2372.95,4.05,0.68,4.06,0.68,-0.68,-1.04,3.38,3.38,3.38
2396.68,4.08,0.62,4.08,0.61,-0.61,-0.98,3.47,3.47,3.47
2420.65,4.11,0.56,4.11,0.55,-0.55,-0.91,3.57,3.56,3.55
2444.86,4.13,0.50,4.12,0.48,-0.48,-0.84,3.65,3.64,3.63
2469.31,4.14,0.43,4.13,0.41,-0.41,-0.77,3.73,3.72,3.71
2494.00,4.13,0.35,4.13,0.34,-0.34,-0.70,3.79,3.79,3.78
2518.94,4.13,0.28,4.12,0.27,-0.27,-0.62,3.87,3.86,3.85
2544.13,4.11,0.20,4.11,0.19,-0.19,-0.55,3.92,3.92,3.91
2569.57,4.08,0.12,4.08,0.11,-0.11,-0.48,3.97,3.97,3.97
2595.27,4.05,0.04,4.05,0.04,-0.04,-0.41,4.02,4.01,4.01
2621.22,4.00,-0.05,4.00,-0.04,0.04,-0.33,4.05,4.04,4.05
2647.43,3.95,-0.13,3.95,-0.12,0.12,-0.26,4.07,4.07,4.08
2673.90,3.89,-0.21,3.89,-0.20,0.20,-0.18,4.09,4.09,4.11
2700.64,3.83,-0.29,3.83,-0.28,0.28,-0.11,4.11,4.11,4.12
2727.65,3.75,-0.37,3.76,-0.36,0.36,-0.04,4.11,4.11,4.12
2754.93,3.67,-0.45,3.68,-0.43,0.43,0.04,4.11,4.11,4.12
2782.48,3.58,-0.53,3.59,-0.51,0.51,0.11,4.10,4.10,4.11
2810.30,3.48,-0.61,3.50,-0.59,0.59,0.19,4.07,4.09,4.09
2838.40,3.39,-0.68,3.40,-0.66,0.66,0.27,4.06,4.07,4.07
2866.79,3.30,-0.74,3.30,-0.74,0.74,0.34,4.04,4.04,4.04
2895.46,3.20,-0.80,3.19,-0.82,0.82,0.42,4.02,4.01,4.01
2924.41,3.09,-0.88,3.08,-0.90,0.90,0.50,3.99,3.98,3.97
2953.65,2.97,-0.95,2.97,-0.97,0.97,0.57,3.95,3.94,3.93
2983.19,2.84,-1.04,2.84,-1.05,1.05,0.65,3.90,3.90,3.88
3013.02,2.72,-1.11,2.72,-1.13,1.13,0.73,3.86,3.85,3.84
3043.15,2.58,-1.20,2.59,-1.21,1.21,0.80,3.80,3.80,3.79
3073.58,2.46,-1.27,2.46,-1.29,1.29,0.88,3.76,3.75,3.74
3104.32,2.32,-1.36,2.32,-1.37,1.37,0.96,3.70,3.69,3.68
3135.36,2.17,-1.45,2.18,-1.45,1.45,1.04,3.62,3.63,3.63
3166.72,2.04,-1.52,2.04,-1.52,1.52,1.12,3.57,3.56,3.57
3198.38,1.90,-1.61,1.90,-1.60,1.60,1.20,3.50,3.49,3.51
3230.37,1.75,-1.69,1.75,-1.66,1.66,1.27,3.42,3.42,3.45
3262.67,1.61,-1.77,1.61,-1.73,1.73,1.35,3.34,3.34,3.39
3295.30,1.46,-1.86,1.47,-1.79,1.79,1.43,3.25,3.26,3.32
3328.25,1.32,-1.93,1.33,-1.84,1.84,1.51,3.16,3.17,3.26
3361.53,1.19,-2.00,1.20,-1.89,1.89,1.58,3.08,3.09,3.19
3395.15,1.05,-2.08,1.06,-1.93,1.93,1.66,2.98,2.99,3.13
3429.10,0.93,-2.13,0.93,-1.97,1.97,1.73,2.90,2.90,3.07
3463.39,0.81,-2.19,0.81,-2.00,2.00,1.80,2.81,2.81,3.00
3498.03,0.70,-2.24,0.68,-2.03,2.03,1.87,2.73,2.71,2.94
3533.01,0.58,-2.30,0.57,-2.05,2.05,1.94,2.63,2.61,2.89
3568.34,0.46,-2.37,0.46,-2.06,2.06,2.01,2.53,2.52,2.83
3604.02,0.37,-2.41,0.36,-2.08,2.08,2.07,2.45,2.44,2.79
3640.06,0.27,-2.47,0.27,-2.09,2.09,2.13,2.36,2.36,2.74
3676.46,0.17,-2.53,0.19,-2.10,2.10,2.19,2.27,2.28,2.71
3713.22,0.09,-2.58,0.12,-2.10,2.10,2.24,2.20,2.22,2.67
3750.36,0.03,-2.61,0.06,-2.10,2.10,2.29,2.14,2.16,2.65
3787.86,-0.01,-2.63,0.01,-2.10,2.10,2.34,2.10,2.12,2.62
3825.74,-0.04,-2.64,-0.02,-2.10,2.10,2.38,2.06,2.08,2.61
3864.00,-0.06,-2.65,-0.03,-2.10,2.10,2.41,2.04,2.06,2.59
3902.64,-0.06,-2.64,-0.03,-2.09,2.09,2.45,2.04,2.06,2.58
3941.66,-0.04,-2.61,-0.02,-2.09,2.09,2.47,2.06,2.08,2.58
3981.08,0.00,-2.57,0.01,-2.09,2.09,2.49,2.10,2.11,2.57
4020.89,0.04,-2.53,0.06,-2.09,2.09,2.51,2.13,2.15,2.57
4061.10,0.09,-2.48,0.11,-2.08,2.08,2.52,2.18,2.19,2.57
4101.71,0.15,-2.42,0.17,-2.07,2.07,2.53,2.23,2.25,2.57
4142.73,0.23,-2.34,0.25,-2.06,2.06,2.53,2.29,2.30,2.58
4184.15,0.31,-2.27,0.32,-2.04,2.04,2.53,2.35,2.36,2.58
4226.00,0.39,-2.19,0.40,-2.01,2.01,2.52,2.41,2.41,2.58
4268.26,0.47,-2.11,0.47,-1.98,1.98,2.51,2.46,2.46,2.58
4310.94,0.56,-2.02,0.55,-1.95,1.95,2.49,2.51,2.49,2.58
4354.05,0.64,-1.93,0.62,-1.91,1.91,2.47,2.55,2.52,2.58
4397.59,0.71,-1.86,0.68,-1.86,1.86,2.45,2.58,2.54,2.57
4441.56,0.75,-1.80,0.73,-1.81,1.81,2.42,2.57,2.55,2.56
4485.98,0.78,-1.75,0.78,-1.76,1.76,2.39,2.55,2.54,2.54
4530.84,0.81,-1.70,0.81,-1.71,1.71,2.36,2.52,2.52,2.51
4576.15,0.84,-1.64,0.83,-1.66,1.66,2.33,2.50,2.49,2.48
4621.91,0.84,-1.60,0.84,-1.61,1.61,2.29,2.45,2.45,2.44
4668.13,0.83,-1.56,0.83,-1.56,1.56,2.25,2.40,2.39,2.39
4714.81,0.81,-1.52,0.81,-1.52,1.52,2.22,2.34,2.33,2.34
4761.96,0.78,-1.49,0.77,-1.50,1.50,2.18,2.28,2.27,2.28
4809.58,0.73,-1.48,0.72,-1.48,1.48,2.14,2.21,2.20,2.21
4857.67,0.67,-1.47,0.66,-1.48,1.48,2.10,2.16,2.14,2.14
4906.25,0.58,-1.48,0.58,-1.49,1.49,2.06,2.08,2.08,2.07
4955.31,0.48,-1.51,0.49,-1.52,1.52,2.03,2.01,2.01,1.99
5004.87,0.37,-1.54,0.38,-1.56,1.56,1.99,1.94,1.94,1.91
5054.91,0.25,-1.58,0.25,-1.63,1.63,1.95,1.88,1.88,1.84
5105.46,0.10,-1.66,0.11,-1.71,1.71,1.92,1.81,1.82,1.76
5156.52,-0.05,-1.74,-0.05,-1.81,1.81,1.89,1.76,1.76,1.69
5208.08,-0.20,-1.82,-0.22,-1.91,1.91,1.85,1.72,1.69,1.62
5260.16,-0.38,-1.93,-0.41,-2.03,2.03,1.82,1.65,1.62,1.55
5312.77,-0.58,-2.06,-0.60,-2.15,2.15,1.79,1.57,1.54,1.48
5365.89,-0.81,-2.22,-0.82,-2.27,2.27,1.76,1.46,1.45,1.41
5419.55,-1.04,-2.38,-1.04,-2.38,2.38,1.74,1.35,1.34,1.35
5473.75,-1.29,-2.56,-1.27,-2.50,2.50,1.71,1.21,1.22,1.28
5528.49,-1.54,-2.74,-1.52,-2.60,2.60,1.69,1.07,1.09,1.20
5583.77,-1.79,-2.91,-1.77,-2.70,2.70,1.67,0.92,0.93,1.12
5639.61,-2.06,-3.09,-2.04,-2.79,2.79,1.65,0.74,0.76,1.03
5696.00,-2.32,-3.25,-2.31,-2.87,2.87,1.63,0.55,0.56,0.94
5752.96,-2.59,-3.42,-2.59,-2.94,2.94,1.62,0.35,0.35,0.83
5810.49,-2.87,-3.58,-2.87,-2.99,2.99,1.61,0.13,0.12,0.72
5868.60,-3.15,-3.74,-3.16,-3.04,3.04,1.60,-0.11,-0.12,0.59
5927.28,-3.45,-3.90,-3.45,-3.08,3.08,1.59,-0.37,-0.37,0.45
5986.56,-3.74,-4.03,-3.74,-3.11,3.11,1.58,-0.62,-0.63,0.30
6046.42,-4.04,-4.16,-4.04,-3.14,3.14,1.57,-0.89,-0.89,0.13
6106.89,-4.35,-4.29,-4.34,-3.17,3.17,1.57,-1.17,-1.16,-0.06
6167.96,-4.66,-4.40,-4.64,-3.21,3.21,1.57,-1.45,-1.43,-0.26
6229.64,-4.97,-4.49,-4.95,-3.25,3.25,1.57,-1.72,-1.70,-0.48
6291.93,-5.28,-4.56,-5.26,-3.30,3.30,1.57,-1.98,-1.96,-0.71
6354.85,-5.59,-4.62,-5.57,-3.35,3.35,1.57,-2.23,-2.22,-0.97
6418.40,-5.89,-4.64,-5.89,-3.41,3.41,1.58,-2.47,-2.48,-1.25
6482.58,-6.20,-4.65,-6.21,-3.49,3.49,1.59,-2.71,-2.73,-1.54
6547.41,-6.52,-4.66,-6.54,-3.57,3.57,1.59,-2.95,-2.97,-1.86
6612.88,-6.84,-4.64,-6.87,-3.65,3.59,1.60,-3.25,-3.28,-2.19
6679.01,-7.18,-4.63,-7.21,-3.73,3.54,1.61,-3.64,-3.67,-2.55
6745.80,-7.53,-4.61,-7.54,-3.82,3.42,1.62,-4.11,-4.13,-2.92
6813.26,-7.88,-4.58,-7.89,-3.89,3.23,1.64,-4.65,-4.66,-3.30
6881.39,-8.23,-4.53,-8.23,-3.96,2.98,1.65,-5.24,-5.24,-3.70
6950.21,-8.58,-4.48,-8.58,-4.01,2.71,1.66,-5.87,-5.87,-4.10
7019.71,-8.93,-4.42,-8.92,-4.06,2.41,1.67,-6.52,-6.52,-4.51
7089.91,-9.28,-4.36,-9.27,-4.09,2.07,1.68,-7.21,-7.20,-4.92
7160.81,-9.62,-4.30,-9.61,-4.11,1.71,1.69,-7.90,-7.90,-5.32
7232.41,-9.94,-4.22,-9.95,-4.12,1.39,1.70,-8.54,-8.55,-5.72
7304.74,-10.28,-4.17,-10.27,-4.13,1.12,1.71,-9.16,-9.15,-6.10
7377.79,-10.60,-4.12,-10.59,-4.13,0.89,1.72,-9.71,-9.70,-6.47
7451.56,-10.91,-4.09,-10.89,-4.12,0.70,1.72,-10.21,-10.20,-6.82
7526.08,-11.22,-4.07,-11.19,-4.12,0.55,1.72,-10.67,-10.64,-7.14
7601.34,-11.52,-4.08,-11.47,-4.12,0.42,1.72,-11.09,-11.05,-7.44
7677.35,-11.78,-4.08,-11.75,-4.13,0.33,1.72,-11.45,-11.42,-7.70
7754.13,-12.02,-4.09,-12.01,-4.15,0.25,1.71,-11.77,-11.76,-7.93
7831.67,-12.25,-4.13,-12.26,-4.20,0.19,1.70,-12.05,-12.06,-8.12
7909.98,-12.48,-4.20,-12.49,-4.27,0.15,1.68,-12.33,-12.35,-8.27
7989.08,-12.70,-4.31,-12.71,-4.38,0.11,1.66,-12.58,-12.60,-8.39
8068.98,-12.92,-4.46,-12.92,-4.52,0.09,1.63,-12.83,-12.84,-8.46
8149.67,-13.12,-4.63,-13.12,-4.69,0.06,1.60,-13.05,-13.05,-8.48
8231.16,-13.32,-4.85,-13.30,-4.88,0.05,1.56,-13.27,-13.25,-8.47
8313.47,-13.49,-5.07,-13.47,-5.11,0.04,1.52,-13.45,-13.44,-8.42
8396.61,-13.65,-5.32,-13.63,-5.36,0.03,1.48,-13.62,-13.61,-8.33
8480.57,-13.81,-5.61,-13.79,-5.64,0.02,1.43,-13.78,-13.76,-8.20
8565.38,-13.94,-5.90,-13.93,-5.94,0.02,1.38,-13.92,-13.91,-8.03
8651.03,-14.06,-6.22,-14.06,-6.26,0.01,1.32,-14.04,-14.05,-7.84
8737.54,-14.17,-6.56,-14.18,-6.61,0.01,1.26,-14.16,-14.17,-7.61
8824.92,-14.27,-6.92,-14.29,-6.97,0.01,1.20,-14.26,-14.28,-7.35
8913.17,-14.39,-7.32,-14.39,-7.35,0.01,1.13,-14.38,-14.38,-7.07
9002.30,-14.49,-7.72,-14.48,-7.74,0.00,1.06,-14.48,-14.47,-6.76
9092.32,-14.58,-8.14,-14.56,-8.15,0.00,0.99,-14.57,-14.56,-6.44
9183.25,-14.65,-8.54,-14.64,-8.55,0.00,0.91,-14.64,-14.63,-6.11
9275.08,-14.72,-8.95,-14.71,-8.95,0.00,0.84,-14.71,-14.70,-5.77
9367.83,-14.77,-9.33,-14.77,-9.33,0.00,0.76,-14.76,-14.77,-5.43
9461.51,-14.83,-9.72,-14.83,-9.71,0.00,0.69,-14.83,-14.83,-5.10
9556.12,-14.90,-10.12,-14.89,-10.06,0.00,0.61,-14.90,-14.89,-4.78
9651.68,-14.95,-10.48,-14.94,-10.39,0.00,0.53,-14.95,-14.94,-4.47
9748.20,-14.99,-10.82,-14.99,-10.70,0.00,0.45,-14.99,-14.99,-4.17
9845.68,-15.04,-11.15,-15.04,-10.98,0.00,0.37,-15.04,-15.04,-3.88
9944.14,-15.08,-11.46,-15.09,-11.23,0.00,0.29,-15.08,-15.09,-3.61
10043.58,-15.13,-11.77,-15.14,-11.45,0.00,0.20,-15.13,-15.14,-3.36
10144.02,-15.19,-12.06,-15.19,-11.63,0.00,0.12,-15.19,-15.19,-3.12
10245.46,-15.24,-12.33,-15.25,-11.79,0.00,0.04,-15.24,-15.25,-2.90
10347.91,-15.29,-12.58,-15.31,-11.92,0.00,-0.04,-15.29,-15.31,-2.70
10451.39,-15.35,-12.83,-15.38,-12.02,0.00,-0.12,-15.35,-15.38,-2.52
10555.91,-15.41,-13.06,-15.45,-12.09,0.00,-0.21,-15.41,-15.45,-2.35
10661.46,-15.49,-13.29,-15.52,-12.13,0.00,-0.29,-15.49,-15.52,-2.20
10768.08,-15.56,-13.49,-15.59,-12.16,0.00,-0.38,-15.56,-15.59,-2.07
10875.76,-15.65,-13.68,-15.67,-12.16,0.00,-0.46,-15.65,-15.67,-1.96
10984.52,-15.72,-13.84,-15.74,-12.14,0.00,-0.55,-15.72,-15.74,-1.87
11094.36,-15.79,-13.98,-15.80,-12.10,0.00,-0.64,-15.79,-15.80,-1.81
11205.31,-15.85,-14.08,-15.85,-12.03,0.00,-0.73,-15.85,-15.85,-1.77
11317.36,-15.91,-14.16,-15.89,-11.94,0.00,-0.82,-15.91,-15.89,-1.75
11430.53,-15.95,-14.18,-15.91,-11.81,0.00,-0.91,-15.95,-15.91,-1.76
11544.84,-15.97,-14.16,-15.91,-11.64,0.00,-1.01,-15.97,-15.91,-1.81
11660.29,-15.96,-14.07,-15.89,-11.42,0.00,-1.11,-15.96,-15.89,-1.88
11776.89,-15.92,-13.92,-15.85,-11.16,0.00,-1.21,-15.92,-15.85,-2.00
11894.66,-15.86,-13.71,-15.78,-10.87,0.00,-1.32,-15.86,-15.78,-2.14
12013.60,-15.76,-13.43,-15.69,-10.54,0.00,-1.43,-15.76,-15.69,-2.32
12133.74,-15.64,-13.09,-15.59,-10.20,0.00,-1.54,-15.64,-15.59,-2.54
12255.08,-15.49,-12.69,-15.47,-9.83,0.00,-1.66,-15.49,-15.47,-2.79
12377.63,-15.32,-12.23,-15.34,-9.48,0.00,-1.79,-15.32,-15.34,-3.08
12501.41,-15.14,-11.73,-15.20,-9.13,0.00,-1.92,-15.14,-15.20,-3.41
12626.42,-14.96,-11.19,-15.05,-8.78,0.00,-2.06,-14.96,-15.05,-3.77
12752.68,-14.79,-10.62,-14.89,-8.41,0.00,-2.20,-14.79,-14.89,-4.17
12880.21,-14.63,-10.03,-14.73,-8.03,0.00,-2.36,-14.63,-14.73,-4.60
13009.01,-14.47,-9.41,-14.55,-7.62,0.00,-2.52,-14.47,-14.55,-5.06
13139.10,-14.33,-8.77,-14.37,-7.17,0.00,-2.70,-14.33,-14.37,-5.56
13270.49,-14.18,-8.08,-14.17,-6.69,0.00,-2.88,-14.18,-14.17,-6.09
13403.20,-14.02,-7.36,-13.95,-6.17,0.00,-3.08,-14.02,-13.95,-6.65
13537.23,-13.82,-6.58,-13.72,-5.61,0.00,-3.29,-13.82,-13.72,-7.24
13672.60,-13.60,-5.76,-13.46,-5.00,0.00,-3.52,-13.60,-13.46,-7.84
13809.33,-13.35,-4.90,-13.18,-4.34,0.00,-3.76,-13.35,-13.18,-8.44
13947.42,-13.04,-3.98,-12.88,-3.64,0.00,-4.02,-13.04,-12.88,-9.05
14086.90,-12.70,-3.04,-12.56,-2.89,0.00,-4.30,-12.70,-12.56,-9.66
14227.77,-12.33,-2.07,-12.23,-2.10,-0.10,-4.60,-12.43,-12.33,-10.26
14370.04,-11.95,-1.10,-11.89,-1.27,-0.33,-4.92,-12.28,-12.22,-10.84
14513.74,-11.58,-0.16,-11.55,-0.42,-0.68,-5.26,-12.26,-12.24,-11.41
14658.88,-11.21,0.76,-11.23,0.42,-1.16,-5.62,-12.36,-12.39,-11.97
14805.47,-10.86,1.65,-10.94,1.26,-1.71,-6.01,-12.56,-12.65,-12.51
14953.52,-10.55,2.48,-10.68,2.06,-2.29,-6.41,-12.84,-12.98,-13.03
15103.06,-10.30,3.24,-10.47,2.84,-2.91,-6.81,-13.21,-13.39,-13.54
15254.09,-10.12,3.93,-10.31,3.57,-3.57,-7.22,-13.68,-13.88,-14.05
15406.63,-10.01,4.55,-10.20,4.25,-4.25,-7.61,-14.26,-14.45,-14.55
15560.70,-9.98,5.09,-10.14,4.91,-4.91,-7.95,-14.88,-15.05,-15.07
15716.30,-10.03,5.57,-10.13,5.55,-5.55,-8.23,-15.57,-15.68,-15.60
15873.47,-10.14,6.03,-10.16,6.17,-6.17,-8.40,-16.31,-16.34,-16.17
16032.20,-10.29,6.49,-10.22,6.80,-6.80,-8.45,-17.08,-17.02,-16.78
16192.52,-10.46,6.97,-10.31,7.43,-7.43,-8.36,-17.88,-17.74,-17.42
16354.45,-10.65,7.47,-10.42,8.06,-8.06,-8.12,-18.71,-18.48,-18.11
16517.99,-10.85,8.01,-10.55,8.69,-8.69,-7.75,-19.54,-19.24,-18.86
16683.17,-11.05,8.61,-10.71,9.27,-9.27,-7.29,-20.31,-19.98,-19.65
16850.01,-11.24,9.26,-10.90,9.76,-9.76,-6.76,-21.00,-20.66,-20.50
17018.51,-11.45,9.94,-11.14,10.19,-10.19,-6.20,-21.63,-21.33,-21.38
17188.69,-11.64,10.67,-11.45,10.55,-10.55,-5.63,-22.19,-22.00,-22.30
17360.58,-11.87,11.38,-11.83,10.88,-10.88,-5.07,-22.75,-22.71,-23.24
17534.18,-12.21,12.00,-12.31,11.17,-11.17,-4.53,-23.38,-23.48,-24.21
17709.53,-12.67,12.52,-12.90,11.44,-11.44,-4.03,-24.11,-24.34,-25.18
17886.62,-13.31,12.86,-13.63,11.70,-11.70,-3.56,-25.01,-25.33,-26.17
18065.49,-14.14,12.93,-14.66,12.11,-12.11,-3.13,-26.24,-26.76,-27.06
18246.14,-15.25,12.71,-15.83,12.51,-12.51,-2.74,-27.76,-28.34,-27.96
18428.60,-16.57,12.28,-17.14,12.92,-12.92,-2.38,-29.49,-30.06,-28.85
18612.89,-18.07,11.67,-18.59,13.33,-13.33,-2.06,-31.40,-31.92,-29.73
18799.02,-19.73,10.89,-20.18,13.74,-13.74,-1.77,-33.47,-33.92,-30.62
18987.01,-21.57,9.93,-21.91,14.16,-14.16,-1.51,-35.72,-36.07,-31.50
19176.88,-23.58,8.80,-23.78,14.57,-14.57,-1.28,-38.15,-38.36,-32.38
19368.65,-25.77,7.49,-25.80,14.99,-14.99,-1.08,-40.76,-40.79,-33.25
19562.33,-28.13,6.00,-27.95,15.41,-15.41,-0.90,-43.54,-43.36,-34.13
19757.96,-30.67,4.33,-30.25,15.83,-15.83,-0.74,-46.50,-46.08,-35.00
19955.54,-33.38,2.49,-32.68,16.25,-16.25,-0.60,-49.63,-48.93,-35.86
