frequency,raw,error,smoothed,error_smoothed,equalization,parametric_eq,equalized_raw,equalized_smoothed,target
20.00,8.36,1.80,8.37,1.80,-1.80,-1.02,6.56,6.56,6.56
20.20,8.38,1.82,8.39,1.82,-1.82,-1.05,6.56,6.56,6.56
20.40,8.40,1.84,8.40,1.84,-1.84,-1.08,6.57,6.57,6.57
20.61,8.42,1.86,8.42,1.86,-1.86,-1.11,6.57,6.57,6.57
20.81,8.44,1.87,8.44,1.87,-1.87,-1.14,6.57,6.57,6.57
21.02,8.46,1.89,8.46,1.89,-1.89,-1.17,6.57,6.57,6.57
21.23,8.48,1.91,8.48,1.91,-1.91,-1.20,6.58,6.58,6.58
21.44,8.50,1.93,8.50,1.92,-1.92,-1.24,6.58,6.58,6.58
21.66,8.51,1.93,8.52,1.94,-1.94,-1.27,6.57,6.58,6.58
21.87,8.53,1.95,8.54,1.96,-1.96,-1.31,6.58,6.58,6.58
22.09,8.55,1.97,8.56,1.97,-1.97,-1.35,6.58,6.58,6.58
22.31,8.57,1.99,8.57,1.99,-1.99,-1.38,6.59,6.59,6.59
22.54,8.58,2.00,8.59,2.00,-2.00,-1.42,6.58,6.59,6.59
22.76,8.60,2.01,8.61,2.02,-2.02,-1.46,6.59,6.59,6.59
22.99,8.62,2.03,8.63,2.03,-2.03,-1.50,6.59,6.59,6.59
23.22,8.64,2.05,8.64,2.05,-2.05,-1.55,6.59,6.59,6.59
23.45,8.66,2.07,8.66,2.06,-2.06,-1.59,6.60,6.60,6.60
23.69,8.68,2.09,8.68,2.08,-2.08,-1.63,6.60,6.60,6.60
23.92,8.69,2.09,8.70,2.09,-2.09,-1.68,6.60,6.60,6.60
24.16,8.71,2.11,8.71,2.11,-2.11,-1.72,6.61,6.60,6.60
24.40,8.72,2.12,8.73,2.12,-2.12,-1.77,6.60,6.61,6.61
24.65,8.74,2.14,8.75,2.14,-2.14,-1.81,6.61,6.61,6.61
24.89,8.75,2.14,8.76,2.15,-2.15,-1.86,6.60,6.61,6.61
25.14,8.77,2.16,8.78,2.17,-2.17,-1.91,6.61,6.61,6.61
25.39,8.80,2.18,8.79,2.18,-2.18,-1.95,6.62,6.61,6.61
25.65,8.81,2.20,8.81,2.19,-2.19,-2.00,6.62,6.62,6.62
25.91,8.82,2.21,8.82,2.21,-2.21,-2.05,6.62,6.62,6.62
26.16,8.84,2.22,8.84,2.22,-2.22,-2.10,6.63,6.62,6.62
26.43,8.85,2.23,8.85,2.23,-2.23,-2.14,6.62,6.62,6.62
26.69,8.86,2.24,8.87,2.25,-2.25,-2.19,6.62,6.62,6.62
26.96,8.88,2.26,8.89,2.26,-2.26,-2.24,6.63,6.63,6.63
27.23,8.89,2.27,8.90,2.27,-2.27,-2.28,6.62,6.63,6.63
27.50,8.91,2.28,8.91,2.28,-2.28,-2.33,6.63,6.63,6.63
27.77,8.93,2.30,8.93,2.30,-2.30,-2.37,6.64,6.63,6.63
28.05,8.94,2.31,8.94,2.31,-2.31,-2.41,6.64,6.63,6.63
28.33,8.95,2.32,8.95,2.32,-2.32,-2.45,6.63,6.63,6.63
28.62,8.96,2.33,8.97,2.33,-2.33,-2.49,6.63,6.63,6.63
28.90,8.98,2.35,8.98,2.35,-2.35,-2.53,6.64,6.63,6.64
29.19,8.99,2.36,8.99,2.36,-2.36,-2.56,6.64,6.64,6.64
29.48,9.00,2.37,9.01,2.37,-2.37,-2.59,6.63,6.64,6.64
29.78,9.01,2.38,9.02,2.38,-2.38,-2.62,6.63,6.64,6.64
30.08,9.02,2.39,9.03,2.39,-2.39,-2.65,6.63,6.64,6.64
30.38,9.04,2.40,9.04,2.41,-2.41,-2.67,6.64,6.64,6.64
30.68,9.05,2.41,9.05,2.42,-2.42,-2.70,6.64,6.64,6.64
30.99,9.06,2.43,9.06,2.43,-2.43,-2.71,6.64,6.64,6.64
31.30,9.07,2.43,9.08,2.44,-2.44,-2.73,6.64,6.64,6.64
31.61,9.08,2.45,9.08,2.45,-2.45,-2.74,6.64,6.64,6.64
31.93,9.10,2.47,9.09,2.46,-2.46,-2.75,6.65,6.64,6.64
32.24,9.10,2.47,9.10,2.46,-2.46,-2.76,6.64,6.64,6.64
32.57,9.11,2.48,9.11,2.47,-2.47,-2.76,6.64,6.64,6.64
32.89,9.11,2.48,9.12,2.48,-2.48,-2.77,6.64,6.64,6.64
33.22,9.11,2.48,9.12,2.48,-2.48,-2.77,6.63,6.64,6.64
33.55,9.12,2.49,9.12,2.49,-2.49,-2.76,6.64,6.64,6.64
33.89,9.12,2.49,9.13,2.49,-2.49,-2.76,6.63,6.63,6.63
34.23,9.12,2.49,9.13,2.50,-2.50,-2.75,6.63,6.63,6.63
34.57,9.13,2.50,9.13,2.50,-2.50,-2.74,6.64,6.63,6.63
34.92,9.13,2.50,9.13,2.50,-2.50,-2.73,6.64,6.63,6.63
35.27,9.13,2.51,9.13,2.50,-2.50,-2.72,6.63,6.63,6.63
35.62,9.12,2.50,9.13,2.50,-2.50,-2.71,6.62,6.63,6.63
35.97,9.12,2.50,9.13,2.50,-2.50,-2.70,6.62,6.63,6.62
36.33,9.12,2.50,9.12,2.50,-2.50,-2.69,6.62,6.62,6.62
36.70,9.12,2.50,9.12,2.50,-2.50,-2.67,6.62,6.62,6.62
37.06,9.12,2.51,9.12,2.50,-2.50,-2.66,6.62,6.62,6.62
37.43,9.12,2.51,9.12,2.51,-2.51,-2.65,6.62,6.61,6.62
37.81,9.11,2.50,9.12,2.51,-2.51,-2.64,6.61,6.61,6.61
38.19,9.11,2.51,9.12,2.51,-2.51,-2.62,6.60,6.61,6.61
38.57,9.11,2.51,9.12,2.52,-2.52,-2.61,6.60,6.60,6.61
38.95,9.11,2.51,9.12,2.52,-2.52,-2.60,6.59,6.60,6.60
39.34,9.11,2.52,9.12,2.53,-2.53,-2.59,6.59,6.59,6.60
39.74,9.12,2.53,9.13,2.54,-2.54,-2.59,6.59,6.59,6.59
40.14,9.12,2.54,9.13,2.55,-2.55,-2.58,6.58,6.59,6.59
40.54,9.14,2.56,9.14,2.56,-2.56,-2.57,6.58,6.58,6.58
40.94,9.15,2.58,9.15,2.57,-2.57,-2.57,6.58,6.58,6.58
41.35,9.16,2.59,9.16,2.59,-2.59,-2.57,6.58,6.57,6.57
41.76,9.17,2.61,9.17,2.60,-2.60,-2.57,6.57,6.57,6.57
42.18,9.18,2.62,9.18,2.62,-2.62,-2.57,6.57,6.56,6.56
42.60,9.19,2.64,9.20,2.64,-2.64,-2.57,6.56,6.56,6.56
43.03,9.20,2.65,9.21,2.66,-2.66,-2.58,6.55,6.55,6.55
43.46,9.22,2.68,9.23,2.68,-2.68,-2.58,6.55,6.55,6.55
43.90,9.24,2.70,9.24,2.70,-2.70,-2.59,6.55,6.54,6.54
44.33,9.25,2.72,9.25,2.72,-2.72,-2.60,6.54,6.54,6.54
44.78,9.26,2.74,9.27,2.74,-2.74,-2.61,6.52,6.53,6.53
45.23,9.28,2.76,9.28,2.76,-2.76,-2.63,6.52,6.52,6.52
45.68,9.30,2.79,9.30,2.79,-2.79,-2.65,6.52,6.51,6.51
46.13,9.31,2.81,9.32,2.81,-2.81,-2.66,6.50,6.50,6.51
46.60,9.33,2.84,9.33,2.84,-2.84,-2.68,6.50,6.49,6.50
47.06,9.34,2.86,9.35,2.86,-2.86,-2.71,6.48,6.48,6.49
47.53,9.36,2.89,9.36,2.89,-2.89,-2.73,6.48,6.47,6.47
48.01,9.37,2.91,9.38,2.91,-2.91,-2.75,6.46,6.46,6.46
48.49,9.38,2.93,9.39,2.94,-2.94,-2.78,6.44,6.45,6.45
48.97,9.40,2.97,9.40,2.97,-2.97,-2.81,6.44,6.44,6.44
49.46,9.41,2.99,9.42,2.99,-2.99,-2.84,6.42,6.43,6.43
49.96,9.43,3.02,9.43,3.02,-3.02,-2.87,6.42,6.41,6.41
50.46,9.44,3.04,9.44,3.04,-3.04,-2.90,6.41,6.40,6.40
50.96,9.45,3.07,9.45,3.06,-3.06,-2.94,6.39,6.39,6.39
51.47,9.45,3.08,9.46,3.09,-3.09,-2.97,6.37,6.37,6.37
51.99,9.46,3.11,9.46,3.11,-3.11,-3.01,6.36,6.36,6.36
52.51,9.47,3.13,9.47,3.13,-3.13,-3.05,6.35,6.34,6.34
53.03,9.47,3.15,9.47,3.15,-3.15,-3.08,6.33,6.33,6.33
53.56,9.47,3.16,9.48,3.17,-3.17,-3.12,6.31,6.31,6.31
54.10,9.47,3.18,9.48,3.18,-3.18,-3.16,6.29,6.29,6.30
54.64,9.47,3.20,9.48,3.20,-3.20,-3.19,6.27,6.28,6.28
55.18,9.47,3.21,9.48,3.22,-3.22,-3.23,6.26,6.26,6.26
55.74,9.47,3.23,9.48,3.23,-3.23,-3.27,6.24,6.24,6.25
56.29,9.47,3.25,9.48,3.25,-3.25,-3.30,6.23,6.23,6.23
56.86,9.47,3.26,9.47,3.26,-3.26,-3.34,6.21,6.21,6.21
57.42,9.47,3.28,9.47,3.28,-3.28,-3.37,6.20,6.19,6.19
58.00,9.46,3.29,9.46,3.29,-3.29,-3.40,6.17,6.17,6.17
58.58,9.45,3.30,9.46,3.30,-3.30,-3.43,6.15,6.15,6.15
59.16,9.45,3.32,9.45,3.31,-3.31,-3.46,6.14,6.13,6.14
59.76,9.43,3.32,9.44,3.32,-3.32,-3.49,6.11,6.12,6.12
60.35,9.42,3.33,9.42,3.33,-3.33,-3.51,6.10,6.09,6.09
60.96,9.41,3.34,9.41,3.34,-3.34,-3.53,6.08,6.07,6.07
61.57,9.39,3.34,9.39,3.34,-3.34,-3.55,6.05,6.05,6.05
62.18,9.37,3.35,9.38,3.35,-3.35,-3.57,6.03,6.03,6.03
62.80,9.36,3.36,9.36,3.35,-3.35,-3.58,6.01,6.00,6.00
63.43,9.33,3.35,9.34,3.36,-3.36,-3.60,5.98,5.98,5.98
64.07,9.31,3.36,9.31,3.36,-3.36,-3.61,5.96,5.96,5.96
64.71,9.29,3.37,9.29,3.36,-3.36,-3.61,5.93,5.93,5.93
65.35,9.27,3.37,9.27,3.37,-3.37,-3.62,5.91,5.90,5.90
66.01,9.24,3.37,9.25,3.37,-3.37,-3.62,5.87,5.88,5.88
66.67,9.22,3.38,9.23,3.38,-3.38,-3.63,5.85,5.85,5.85
67.33,9.20,3.38,9.20,3.39,-3.39,-3.63,5.82,5.82,5.82
68.01,9.18,3.39,9.18,3.40,-3.40,-3.62,5.79,5.79,5.79
68.69,9.16,3.40,9.17,3.41,-3.41,-3.62,5.75,5.76,5.76
69.37,9.14,3.42,9.15,3.43,-3.43,-3.62,5.72,5.72,5.73
70.07,9.13,3.44,9.14,3.44,-3.44,-3.61,5.69,5.69,5.70
70.77,9.11,3.45,9.13,3.47,-3.47,-3.61,5.65,5.66,5.67
71.48,9.11,3.48,9.12,3.49,-3.49,-3.61,5.62,5.63,5.63
72.19,9.10,3.50,9.11,3.52,-3.52,-3.60,5.59,5.60,5.60
72.91,9.09,3.53,9.11,3.55,-3.55,-3.60,5.55,5.56,5.57
73.64,9.10,3.57,9.11,3.58,-3.58,-3.59,5.52,5.53,5.53
74.38,9.10,3.61,9.11,3.61,-3.61,-3.59,5.49,5.49,5.50
75.12,9.11,3.65,9.11,3.65,-3.65,-3.59,5.46,5.46,5.46
75.87,9.12,3.70,9.11,3.69,-3.69,-3.59,5.44,5.42,5.43
76.63,9.12,3.73,9.11,3.73,-3.73,-3.59,5.40,5.39,5.39
77.40,9.12,3.77,9.12,3.76,-3.76,-3.59,5.36,5.35,5.35
78.17,9.12,3.81,9.12,3.80,-3.80,-3.59,5.32,5.32,5.32
78.95,9.12,3.85,9.12,3.84,-3.84,-3.60,5.28,5.28,5.28
79.74,9.12,3.88,9.12,3.88,-3.88,-3.61,5.24,5.24,5.24
80.54,9.12,3.92,9.13,3.92,-3.92,-3.62,5.20,5.21,5.20
81.35,9.12,3.96,9.13,3.96,-3.96,-3.63,5.17,5.17,5.16
82.16,9.12,4.00,9.13,4.00,-4.00,-3.65,5.13,5.13,5.13
82.98,9.12,4.04,9.12,4.04,-4.04,-3.67,5.09,5.09,5.09
83.81,9.12,4.07,9.12,4.08,-4.08,-3.69,5.05,5.05,5.05
84.65,9.12,4.11,9.12,4.11,-4.11,-3.71,5.01,5.01,5.01
85.50,9.12,4.15,9.13,4.15,-4.15,-3.74,4.97,4.97,4.97
86.35,9.12,4.19,9.13,4.19,-4.19,-3.77,4.93,4.93,4.94
87.22,9.12,4.23,9.13,4.24,-4.24,-3.80,4.89,4.90,4.90
88.09,9.12,4.26,9.13,4.28,-4.28,-3.83,4.85,4.86,4.86
88.97,9.12,4.30,9.14,4.32,-4.32,-3.87,4.81,4.82,4.82
89.86,9.12,4.34,9.14,4.36,-4.36,-3.91,4.77,4.78,4.78
90.76,9.13,4.39,9.14,4.40,-4.40,-3.95,4.74,4.74,4.75
91.66,9.13,4.43,9.14,4.43,-4.43,-4.00,4.70,4.71,4.71
92.58,9.14,4.48,9.14,4.47,-4.47,-4.05,4.68,4.67,4.67
93.51,9.14,4.52,9.13,4.50,-4.50,-4.10,4.64,4.63,4.63
94.44,9.14,4.55,9.12,4.53,-4.53,-4.16,4.61,4.59,4.59
95.39,9.12,4.58,9.11,4.56,-4.56,-4.21,4.56,4.55,4.55
96.34,9.10,4.60,9.09,4.58,-4.58,-4.27,4.52,4.51,4.51
97.30,9.08,4.62,9.08,4.61,-4.61,-4.34,4.48,4.47,4.47
98.28,9.06,4.64,9.05,4.63,-4.63,-4.40,4.44,4.43,4.42
99.26,9.03,4.65,9.03,4.64,-4.64,-4.47,4.39,4.39,4.38
100.25,8.99,4.66,9.00,4.66,-4.66,-4.54,4.33,4.34,4.34
101.25,8.96,4.67,8.97,4.68,-4.68,-4.61,4.29,4.29,4.30
102.27,8.93,4.68,8.94,4.69,-4.69,-4.68,4.24,4.25,4.25
103.29,8.91,4.70,8.91,4.71,-4.71,-4.75,4.21,4.20,4.21
104.32,8.89,4.72,8.89,4.73,-4.73,-4.82,4.17,4.16,4.17
105.37,8.86,4.74,8.86,4.75,-4.75,-4.90,4.12,4.11,4.13
106.42,8.83,4.75,8.84,4.77,-4.77,-4.97,4.06,4.07,4.08
107.48,8.80,4.76,8.83,4.80,-4.80,-5.04,4.00,4.03,4.04
108.56,8.78,4.79,8.82,4.84,-4.84,-5.11,3.95,3.99,4.00
109.64,8.77,4.82,8.81,4.87,-4.87,-5.18,3.90,3.94,3.96
110.74,8.77,4.86,8.81,4.91,-4.91,-5.25,3.87,3.90,3.91
111.85,8.79,4.93,8.80,4.95,-4.95,-5.32,3.85,3.86,3.87
112.97,8.80,4.98,8.80,4.98,-4.98,-5.38,3.82,3.82,3.83
114.10,8.81,5.03,8.80,5.02,-5.02,-5.44,3.79,3.78,3.78
115.24,8.81,5.08,8.79,5.06,-5.06,-5.50,3.76,3.73,3.74
116.39,8.81,5.12,8.78,5.09,-5.09,-5.55,3.73,3.69,3.70
117.55,8.80,5.15,8.77,5.12,-5.12,-5.60,3.68,3.65,3.65
118.73,8.78,5.17,8.76,5.15,-5.15,-5.64,3.64,3.61,3.61
119.92,8.75,5.19,8.74,5.17,-5.17,-5.68,3.58,3.57,3.57
121.12,8.72,5.20,8.72,5.19,-5.19,-5.71,3.53,3.53,3.53
122.33,8.70,5.22,8.70,5.21,-5.21,-5.74,3.49,3.49,3.49
123.55,8.67,5.23,8.67,5.23,-5.23,-5.76,3.45,3.44,3.45
124.79,8.63,5.22,8.64,5.24,-5.24,-5.77,3.40,3.40,3.41
126.03,8.59,5.22,8.61,5.25,-5.25,-5.78,3.34,3.36,3.37
127.29,8.57,5.24,8.59,5.26,-5.26,-5.78,3.31,3.33,3.34
128.57,8.54,5.24,8.56,5.27,-5.27,-5.77,3.27,3.29,3.30
129.85,8.51,5.25,8.54,5.29,-5.29,-5.76,3.23,3.26,3.27
131.15,8.49,5.26,8.52,5.30,-5.30,-5.74,3.20,3.22,3.23
132.46,8.48,5.29,8.50,5.31,-5.31,-5.71,3.17,3.19,3.20
133.79,8.48,5.32,8.48,5.32,-5.32,-5.69,3.16,3.16,3.17
135.12,8.47,5.34,8.47,5.34,-5.34,-5.65,3.14,3.13,3.13
136.48,8.46,5.36,8.45,5.35,-5.35,-5.61,3.12,3.10,3.10
137.84,8.44,5.37,8.43,5.36,-5.36,-5.57,3.09,3.07,3.08
139.22,8.43,5.39,8.41,5.37,-5.37,-5.53,3.07,3.04,3.05
140.61,8.41,5.40,8.39,5.37,-5.37,-5.48,3.04,3.02,3.02
142.02,8.37,5.38,8.37,5.38,-5.38,-5.43,3.00,2.99,2.99
143.44,8.35,5.39,8.35,5.38,-5.38,-5.38,2.97,2.96,2.96
144.87,8.31,5.38,8.32,5.39,-5.39,-5.32,2.93,2.94,2.94
146.32,8.28,5.37,8.30,5.39,-5.39,-5.27,2.90,2.91,2.91
147.78,8.25,5.37,8.27,5.39,-5.39,-5.22,2.87,2.88,2.89
149.26,8.23,5.37,8.24,5.39,-5.39,-5.16,2.85,2.86,2.86
150.75,8.20,5.37,8.22,5.39,-5.39,-5.11,2.82,2.83,2.84
152.26,8.19,5.38,8.19,5.39,-5.39,-5.06,2.81,2.81,2.81
153.78,8.16,5.38,8.17,5.39,-5.39,-5.01,2.78,2.78,2.79
155.32,8.14,5.38,8.14,5.39,-5.39,-4.96,2.76,2.76,2.76
156.88,8.11,5.38,8.12,5.39,-5.39,-4.91,2.73,2.73,2.74
158.44,8.10,5.39,8.10,5.39,-5.39,-4.86,2.72,2.71,2.71
160.03,8.07,5.39,8.07,5.39,-5.39,-4.82,2.69,2.69,2.69
161.63,8.05,5.39,8.05,5.39,-5.39,-4.78,2.67,2.66,2.66
163.24,8.03,5.40,8.02,5.38,-5.38,-4.74,2.65,2.64,2.64
164.88,7.99,5.38,7.99,5.38,-5.38,-4.71,2.61,2.61,2.61
166.53,7.97,5.38,7.96,5.38,-5.38,-4.68,2.60,2.59,2.59
168.19,7.94,5.38,7.94,5.37,-5.37,-4.65,2.57,2.57,2.57
169.87,7.90,5.36,7.91,5.36,-5.36,-4.63,2.54,2.54,2.54
171.57,7.87,5.35,7.88,5.35,-5.35,-4.60,2.52,2.52,2.52
173.29,7.83,5.33,7.84,5.34,-5.34,-4.59,2.49,2.50,2.50
175.02,7.78,5.30,7.81,5.33,-5.33,-4.57,2.46,2.48,2.48
176.77,7.75,5.29,7.77,5.31,-5.31,-4.56,2.44,2.46,2.46
178.54,7.73,5.29,7.74,5.29,-5.29,-4.55,2.44,2.45,2.45
180.32,7.71,5.28,7.70,5.27,-5.27,-4.55,2.44,2.43,2.43
182.13,7.68,5.27,7.66,5.25,-5.25,-4.55,2.44,2.42,2.42
183.95,7.63,5.23,7.63,5.22,-5.22,-4.55,2.41,2.41,2.40
185.79,7.59,5.20,7.59,5.19,-5.19,-4.56,2.40,2.39,2.39
187.65,7.54,5.16,7.54,5.16,-5.16,-4.57,2.38,2.38,2.38
189.52,7.50,5.13,7.50,5.13,-5.13,-4.58,2.37,2.37,2.37
191.42,7.45,5.10,7.46,5.10,-5.10,-4.60,2.36,2.36,2.36
193.33,7.41,5.06,7.41,5.06,-5.06,-4.62,2.36,2.35,2.35
195.27,7.36,5.02,7.36,5.02,-5.02,-4.64,2.34,2.34,2.34
197.22,7.31,4.98,7.31,4.98,-4.98,-4.66,2.33,2.33,2.33
199.19,7.26,4.94,7.26,4.94,-4.94,-4.69,2.32,2.32,2.32
201.18,7.21,4.90,7.21,4.91,-4.91,-4.72,2.31,2.31,2.31
203.19,7.16,4.86,7.16,4.87,-4.87,-4.75,2.30,2.30,2.30
205.23,7.10,4.81,7.12,4.83,-4.83,-4.78,2.28,2.29,2.30
207.28,7.05,4.77,7.07,4.79,-4.79,-4.82,2.26,2.28,2.29
209.35,7.01,4.74,7.03,4.76,-4.76,-4.85,2.26,2.27,2.28
211.44,6.98,4.72,6.98,4.72,-4.72,-4.89,2.26,2.26,2.27
213.56,6.94,4.69,6.94,4.69,-4.69,-4.92,2.25,2.25,2.26
215.69,6.90,4.66,6.90,4.66,-4.66,-4.96,2.25,2.24,2.25
217.85,6.86,4.63,6.86,4.63,-4.63,-4.99,2.24,2.23,2.24
220.03,6.83,4.61,6.82,4.60,-4.60,-5.03,2.24,2.23,2.23
222.23,6.80,4.59,6.79,4.57,-4.57,-5.06,2.24,2.22,2.22
224.45,6.75,4.55,6.75,4.54,-4.54,-5.09,2.21,2.21,2.21
226.70,6.71,4.51,6.72,4.51,-4.51,-5.12,2.20,2.20,2.20
228.96,6.67,4.48,6.68,4.49,-4.49,-5.14,2.19,2.20,2.19
231.25,6.65,4.47,6.65,4.47,-4.47,-5.16,2.19,2.19,2.19
233.57,6.63,4.45,6.62,4.44,-4.44,-5.18,2.19,2.18,2.18
235.90,6.59,4.42,6.60,4.43,-4.43,-5.20,2.17,2.17,2.18
238.26,6.57,4.40,6.57,4.41,-4.41,-5.21,2.16,2.16,2.17
240.64,6.54,4.38,6.56,4.40,-4.40,-5.21,2.15,2.16,2.17
243.05,6.53,4.37,6.54,4.39,-4.39,-5.21,2.15,2.15,2.16
245.48,6.51,4.35,6.53,4.38,-4.38,-5.20,2.13,2.15,2.16
247.93,6.50,4.35,6.53,4.38,-4.38,-5.19,2.12,2.14,2.16
250.41,6.50,4.35,6.53,4.38,-4.38,-5.17,2.12,2.14,2.15
252.92,6.51,4.37,6.53,4.39,-4.39,-5.15,2.13,2.14,2.15
255.45,6.52,4.38,6.53,4.39,-4.39,-5.12,2.13,2.13,2.14
258.00,6.53,4.40,6.53,4.40,-4.40,-5.08,2.13,2.13,2.14
260.58,6.53,4.40,6.53,4.41,-4.41,-5.04,2.13,2.13,2.13
263.19,6.54,4.42,6.53,4.41,-4.41,-4.99,2.13,2.12,2.13
265.82,6.55,4.44,6.53,4.41,-4.41,-4.94,2.14,2.12,2.12
268.48,6.54,4.43,6.53,4.41,-4.41,-4.89,2.13,2.11,2.11
271.16,6.53,4.43,6.52,4.41,-4.41,-4.82,2.12,2.11,2.11
273.87,6.52,4.43,6.51,4.40,-4.40,-4.76,2.12,2.10,2.10
276.61,6.50,4.41,6.49,4.39,-4.39,-4.69,2.11,2.10,2.09
279.38,6.48,4.40,6.47,4.38,-4.38,-4.62,2.11,2.09,2.09
282.17,6.45,4.37,6.44,4.36,-4.36,-4.54,2.09,2.08,2.08
284.99,6.42,4.35,6.42,4.34,-4.34,-4.47,2.08,2.08,2.08
287.84,6.37,4.30,6.39,4.32,-4.32,-4.39,2.06,2.07,2.08
290.72,6.34,4.27,6.36,4.29,-4.29,-4.31,2.05,2.07,2.07
293.63,6.31,4.24,6.33,4.27,-4.27,-4.23,2.05,2.07,2.07
296.57,6.28,4.21,6.30,4.24,-4.24,-4.15,2.04,2.06,2.07
299.53,6.26,4.19,6.28,4.21,-4.21,-4.06,2.05,2.06,2.07
302.53,6.24,4.17,6.25,4.19,-4.19,-3.98,2.06,2.06,2.07
305.55,6.22,4.15,6.23,4.16,-4.16,-3.90,2.06,2.07,2.07
308.61,6.19,4.12,6.21,4.14,-4.14,-3.82,2.06,2.07,2.07
311.69,6.17,4.10,6.18,4.11,-4.11,-3.74,2.06,2.07,2.08
314.81,6.16,4.09,6.16,4.09,-4.09,-3.66,2.08,2.07,2.08
317.96,6.14,4.06,6.14,4.06,-4.06,-3.58,2.08,2.08,2.08
321.14,6.12,4.04,6.11,4.03,-4.03,-3.51,2.09,2.08,2.08
324.35,6.09,4.01,6.09,4.00,-4.00,-3.43,2.09,2.08,2.09
327.59,6.07,3.99,6.06,3.97,-3.97,-3.36,2.10,2.09,2.09
330.87,6.04,3.95,6.03,3.94,-3.94,-3.29,2.11,2.09,2.09
334.18,6.00,3.91,5.99,3.90,-3.90,-3.22,2.10,2.09,2.09
337.52,5.96,3.87,5.96,3.87,-3.87,-3.15,2.10,2.09,2.09
340.90,5.91,3.82,5.92,3.83,-3.83,-3.09,2.09,2.10,2.10
344.30,5.87,3.78,5.89,3.79,-3.79,-3.03,2.09,2.10,2.10
347.75,5.83,3.73,5.84,3.74,-3.74,-2.97,2.09,2.10,2.10
351.23,5.79,3.69,5.80,3.70,-3.70,-2.91,2.10,2.10,2.10
354.74,5.75,3.65,5.75,3.65,-3.65,-2.85,2.11,2.10,2.11
358.28,5.70,3.60,5.70,3.60,-3.60,-2.80,2.11,2.11,2.11
361.87,5.65,3.54,5.66,3.55,-3.55,-2.75,2.11,2.11,2.11
365.49,5.61,3.50,5.61,3.50,-3.50,-2.70,2.12,2.11,2.11
369.14,5.57,3.46,5.56,3.44,-3.44,-2.65,2.13,2.11,2.12
372.83,5.52,3.41,5.51,3.39,-3.39,-2.61,2.14,2.12,2.12
376.56,5.45,3.33,5.45,3.33,-3.33,-2.56,2.12,2.12,2.12
380.33,5.39,3.27,5.40,3.28,-3.28,-2.52,2.12,2.13,2.13
384.13,5.33,3.20,5.35,3.22,-3.22,-2.48,2.12,2.13,2.13
387.97,5.27,3.14,5.30,3.16,-3.16,-2.45,2.11,2.13,2.14
391.85,5.23,3.09,5.24,3.11,-3.11,-2.41,2.13,2.14,2.14
395.77,5.19,3.05,5.19,3.05,-3.05,-2.38,2.15,2.14,2.14
399.73,5.14,2.99,5.14,2.99,-2.99,-2.35,2.15,2.15,2.15
403.72,5.09,2.94,5.09,2.94,-2.94,-2.32,2.16,2.15,2.16
407.76,5.03,2.87,5.04,2.88,-2.88,-2.29,2.15,2.16,2.16
411.84,4.97,2.81,4.99,2.82,-2.82,-2.26,2.15,2.16,2.17
415.96,4.93,2.76,4.94,2.77,-2.77,-2.23,2.17,2.17,2.17
420.12,4.89,2.72,4.89,2.71,-2.71,-2.20,2.18,2.17,2.18
424.32,4.84,2.66,4.84,2.66,-2.66,-2.18,2.19,2.18,2.18
428.56,4.79,2.61,4.79,2.60,-2.60,-2.15,2.19,2.18,2.19
432.85,4.73,2.55,4.73,2.55,-2.55,-2.13,2.19,2.19,2.19
437.18,4.67,2.49,4.68,2.49,-2.49,-2.10,2.18,2.19,2.19
441.55,4.62,2.43,4.62,2.44,-2.44,-2.08,2.19,2.19,2.19
445.96,4.57,2.38,4.57,2.38,-2.38,-2.05,2.20,2.19,2.19
450.42,4.52,2.33,4.51,2.32,-2.32,-2.03,2.21,2.19,2.19
454.93,4.45,2.26,4.45,2.26,-2.26,-2.00,2.19,2.19,2.19
459.48,4.38,2.19,4.39,2.20,-2.20,-1.98,2.19,2.19,2.19
464.07,4.32,2.13,4.33,2.14,-2.14,-1.95,2.19,2.20,2.19
468.71,4.27,2.08,4.27,2.08,-2.08,-1.92,2.20,2.20,2.20
473.40,4.21,2.02,4.21,2.01,-2.01,-1.90,2.20,2.20,2.20
478.13,4.14,1.94,4.15,1.95,-1.95,-1.87,2.20,2.20,2.20
482.91,4.08,1.88,4.09,1.88,-1.88,-1.84,2.20,2.21,2.21
487.74,4.03,1.82,4.03,1.82,-1.82,-1.80,2.22,2.21,2.21
492.62,3.97,1.76,3.97,1.75,-1.75,-1.77,2.23,2.22,2.22
497.55,3.90,1.68,3.91,1.68,-1.68,-1.73,2.22,2.23,2.23
502.52,3.84,1.61,3.85,1.61,-1.61,-1.70,2.23,2.24,2.24
507.55,3.78,1.54,3.79,1.54,-1.54,-1.66,2.24,2.25,2.25
512.62,3.72,1.47,3.72,1.47,-1.47,-1.61,2.25,2.25,2.26
517.75,3.66,1.40,3.66,1.40,-1.40,-1.57,2.26,2.26,2.27
522.93,3.59,1.32,3.60,1.33,-1.33,-1.53,2.27,2.27,2.28
528.16,3.53,1.25,3.54,1.26,-1.26,-1.48,2.28,2.28,2.29
533.44,3.48,1.19,3.47,1.18,-1.18,-1.43,2.30,2.29,2.29
538.77,3.42,1.12,3.41,1.11,-1.11,-1.38,2.32,2.30,2.30
544.16,3.34,1.03,3.35,1.03,-1.03,-1.33,2.31,2.31,2.31
549.60,3.28,0.96,3.28,0.96,-0.96,-1.28,2.33,2.33,2.32
555.10,3.20,0.87,3.22,0.88,-0.88,-1.23,2.32,2.34,2.33
560.65,3.14,0.80,3.15,0.81,-0.81,-1.17,2.34,2.35,2.34
566.25,3.09,0.74,3.09,0.73,-0.73,-1.12,2.37,2.36,2.36
571.92,3.03,0.66,3.03,0.65,-0.65,-1.06,2.38,2.37,2.37
577.64,2.96,0.58,2.96,0.58,-0.58,-1.00,2.39,2.39,2.39
583.41,2.89,0.49,2.90,0.50,-0.50,-0.94,2.40,2.40,2.40
589.25,2.83,0.42,2.84,0.42,-0.42,-0.88,2.41,2.41,2.42
595.14,2.76,0.34,2.77,0.35,-0.35,-0.82,2.42,2.42,2.43
601.09,2.70,0.26,2.71,0.27,-0.27,-0.76,2.43,2.44,2.44
607.10,2.63,0.18,2.64,0.20,-0.20,-0.70,2.44,2.45,2.45
613.17,2.58,0.12,2.58,0.12,-0.12,-0.64,2.46,2.45,2.46
619.30,2.52,0.06,2.51,0.05,-0.05,-0.57,2.47,2.46,2.47
625.50,2.46,-0.01,2.45,-0.02,0.02,-0.51,2.48,2.47,2.47
631.75,2.39,-0.08,2.38,-0.09,0.09,-0.45,2.48,2.47,2.48
638.07,2.31,-0.17,2.31,-0.16,0.16,-0.38,2.47,2.47,2.48
644.45,2.24,-0.24,2.25,-0.23,0.23,-0.32,2.47,2.48,2.48
650.89,2.17,-0.30,2.18,-0.30,0.30,-0.26,2.47,2.48,2.48
657.40,2.11,-0.36,2.11,-0.36,0.36,-0.19,2.48,2.48,2.48
663.98,2.04,-0.43,2.05,-0.43,0.43,-0.13,2.47,2.48,2.47
670.62,1.97,-0.50,1.98,-0.49,0.49,-0.06,2.47,2.47,2.47
677.32,1.91,-0.55,1.91,-0.56,0.56,0.00,2.47,2.47,2.47
684.10,1.84,-0.62,1.85,-0.62,0.62,0.07,2.47,2.47,2.47
690.94,1.78,-0.68,1.78,-0.69,0.69,0.14,2.47,2.47,2.47
697.85,1.72,-0.75,1.72,-0.75,0.75,0.20,2.48,2.47,2.47
704.83,1.65,-0.82,1.66,-0.81,0.81,0.27,2.47,2.47,2.47
711.87,1.59,-0.88,1.60,-0.88,0.88,0.33,2.47,2.48,2.48
718.99,1.53,-0.94,1.54,-0.94,0.94,0.40,2.47,2.48,2.48
726.18,1.47,-1.00,1.48,-1.00,1.00,0.47,2.48,2.48,2.48
733.44,1.41,-1.07,1.42,-1.06,1.06,0.54,2.48,2.48,2.48
740.78,1.36,-1.12,1.36,-1.13,1.13,0.60,2.49,2.48,2.48
748.19,1.30,-1.18,1.30,-1.19,1.19,0.67,2.49,2.48,2.48
755.67,1.24,-1.24,1.24,-1.25,1.25,0.74,2.49,2.48,2.48
763.23,1.18,-1.30,1.18,-1.31,1.31,0.81,2.49,2.48,2.48
770.86,1.11,-1.37,1.12,-1.37,1.37,0.88,2.48,2.48,2.49
778.57,1.04,-1.44,1.06,-1.43,1.43,0.95,2.47,2.49,2.49
786.35,0.99,-1.49,1.00,-1.49,1.49,1.01,2.48,2.49,2.49
794.22,0.94,-1.54,0.94,-1.54,1.54,1.08,2.49,2.49,2.49
802.16,0.89,-1.59,0.89,-1.60,1.60,1.15,2.49,2.49,2.49
810.18,0.83,-1.65,0.83,-1.66,1.66,1.22,2.49,2.49,2.49
818.28,0.77,-1.71,0.78,-1.71,1.71,1.29,2.48,2.49,2.49
826.46,0.71,-1.77,0.73,-1.76,1.76,1.36,2.48,2.49,2.49
834.73,0.66,-1.82,0.68,-1.81,1.81,1.42,2.48,2.49,2.49
843.08,0.63,-1.85,0.63,-1.86,1.86,1.49,2.49,2.49,2.49
851.51,0.59,-1.89,0.58,-1.90,1.90,1.55,2.50,2.48,2.48
860.02,0.53,-1.94,0.53,-1.95,1.95,1.62,2.48,2.47,2.48
868.62,0.48,-1.99,0.48,-1.99,1.99,1.68,2.47,2.47,2.47
877.31,0.43,-2.03,0.43,-2.03,2.03,1.75,2.46,2.45,2.46
886.08,0.39,-2.06,0.38,-2.06,2.06,1.81,2.45,2.44,2.45
894.94,0.34,-2.09,0.34,-2.09,2.09,1.87,2.44,2.43,2.44
903.89,0.29,-2.13,0.30,-2.12,2.12,1.92,2.41,2.42,2.42
912.93,0.24,-2.16,0.26,-2.14,2.14,1.98,2.39,2.40,2.41
922.06,0.20,-2.19,0.22,-2.16,2.16,2.03,2.37,2.39,2.39
931.28,0.16,-2.21,0.19,-2.18,2.18,2.08,2.34,2.37,2.37
940.59,0.13,-2.22,0.15,-2.19,2.19,2.13,2.33,2.34,2.35
950.00,0.11,-2.22,0.12,-2.20,2.20,2.17,2.32,2.33,2.33
959.50,0.09,-2.21,0.09,-2.21,2.21,2.21,2.31,2.31,2.31
969.09,0.07,-2.21,0.07,-2.22,2.22,2.25,2.29,2.28,2.29
978.78,0.05,-2.21,0.04,-2.22,2.22,2.29,2.27,2.26,2.26
988.57,0.02,-2.22,0.02,-2.22,2.22,2.32,2.25,2.24,2.24
998.46,0.00,-2.21,-0.01,-2.22,2.22,2.35,2.23,2.22,2.21
1008.44,-0.03,-2.21,-0.03,-2.22,2.22,2.37,2.20,2.19,2.19
1018.53,-0.06,-2.22,-0.06,-2.22,2.22,2.40,2.17,2.16,2.16
1028.71,-0.08,-2.21,-0.09,-2.22,2.22,2.41,2.14,2.13,2.13
1039.00,-0.10,-2.20,-0.11,-2.22,2.22,2.43,2.12,2.10,2.11
1049.39,-0.13,-2.20,-0.14,-2.22,2.22,2.44,2.09,2.07,2.08
1059.88,-0.17,-2.22,-0.17,-2.21,2.21,2.45,2.05,2.05,2.05
1070.48,-0.20,-2.22,-0.19,-2.21,2.21,2.46,2.02,2.02,2.02
1081.19,-0.23,-2.22,-0.22,-2.21,2.21,2.47,1.98,1.99,1.99
1092.00,-0.26,-2.22,-0.24,-2.20,2.20,2.47,1.95,1.96,1.97
1102.92,-0.28,-2.22,-0.26,-2.20,2.20,2.47,1.92,1.94,1.94
1113.95,-0.30,-2.21,-0.28,-2.19,2.19,2.47,1.90,1.92,1.92
1125.09,-0.31,-2.20,-0.29,-2.19,2.19,2.47,1.88,1.89,1.90
1136.34,-0.31,-2.18,-0.30,-2.18,2.18,2.47,1.87,1.88,1.88
1147.70,-0.30,-2.16,-0.31,-2.17,2.17,2.46,1.88,1.86,1.86
1159.18,-0.30,-2.14,-0.31,-2.16,2.16,2.46,1.87,1.85,1.85
1170.77,-0.31,-2.15,-0.31,-2.15,2.15,2.45,1.85,1.84,1.84
1182.48,-0.31,-2.14,-0.31,-2.14,2.14,2.45,1.84,1.84,1.84
1194.30,-0.31,-2.14,-0.30,-2.14,2.14,2.44,1.83,1.84,1.84
1206.25,-0.30,-2.14,-0.28,-2.13,2.13,2.44,1.83,1.85,1.84
1218.31,-0.28,-2.12,-0.27,-2.12,2.12,2.43,1.84,1.85,1.85
1230.49,-0.26,-2.11,-0.25,-2.11,2.11,2.43,1.86,1.87,1.86
1242.80,-0.24,-2.11,-0.23,-2.11,2.11,2.43,1.87,1.88,1.88
1255.22,-0.21,-2.10,-0.20,-2.10,2.10,2.42,1.90,1.90,1.90
1267.78,-0.18,-2.10,-0.18,-2.10,2.10,2.42,1.93,1.92,1.92
1280.45,-0.15,-2.09,-0.15,-2.10,2.10,2.42,1.96,1.95,1.95
1293.26,-0.12,-2.10,-0.12,-2.10,2.10,2.43,1.99,1.98,1.98
1306.19,-0.09,-2.10,-0.09,-2.11,2.11,2.43,2.02,2.02,2.01
1319.25,-0.06,-2.10,-0.06,-2.11,2.11,2.44,2.06,2.05,2.05
1332.45,-0.04,-2.12,-0.03,-2.12,2.12,2.44,2.08,2.09,2.09
1345.77,-0.01,-2.13,-0.01,-2.13,2.13,2.45,2.12,2.12,2.13
1359.23,0.02,-2.14,0.02,-2.14,2.14,2.46,2.16,2.16,2.17
1372.82,0.06,-2.14,0.05,-2.15,2.15,2.48,2.22,2.20,2.21
1386.55,0.09,-2.15,0.08,-2.17,2.17,2.49,2.26,2.24,2.25
1400.41,0.12,-2.17,0.11,-2.18,2.18,2.51,2.31,2.29,2.29
1414.42,0.14,-2.19,0.14,-2.20,2.20,2.53,2.34,2.33,2.34
1428.56,0.15,-2.23,0.17,-2.21,2.21,2.55,2.37,2.38,2.39
1442.85,0.17,-2.26,0.20,-2.23,2.23,2.57,2.41,2.43,2.43
1457.28,0.21,-2.27,0.24,-2.25,2.25,2.60,2.47,2.49,2.49
1471.85,0.26,-2.27,0.27,-2.27,2.27,2.62,2.53,2.54,2.54
1486.57,0.30,-2.29,0.31,-2.29,2.29,2.65,2.59,2.60,2.59
1501.43,0.34,-2.31,0.35,-2.31,2.31,2.68,2.65,2.65,2.65
1516.45,0.39,-2.32,0.39,-2.33,2.33,2.72,2.72,2.72,2.71
1531.61,0.43,-2.34,0.43,-2.35,2.35,2.75,2.78,2.78,2.78
1546.93,0.49,-2.35,0.48,-2.37,2.37,2.79,2.87,2.85,2.85
1562.40,0.53,-2.38,0.53,-2.39,2.39,2.82,2.93,2.92,2.92
1578.02,0.58,-2.41,0.58,-2.42,2.42,2.86,3.00,3.00,2.99
1593.80,0.62,-2.45,0.63,-2.44,2.44,2.91,3.07,3.07,3.07
1609.74,0.67,-2.48,0.69,-2.47,2.47,2.95,3.14,3.16,3.15
1625.84,0.73,-2.50,0.75,-2.49,2.49,2.99,3.23,3.24,3.24
1642.10,0.79,-2.53,0.80,-2.52,2.52,3.03,3.32,3.32,3.32
1658.52,0.86,-2.55,0.86,-2.55,2.55,3.08,3.41,3.41,3.41
1675.10,0.92,-2.58,0.92,-2.58,2.58,3.12,3.51,3.51,3.51
1691.85,0.99,-2.61,0.99,-2.61,2.61,3.17,3.61,3.60,3.60
1708.77,1.06,-2.63,1.05,-2.65,2.65,3.21,3.71,3.70,3.70
1725.86,1.12,-2.67,1.12,-2.68,2.68,3.26,3.80,3.80,3.80
1743.12,1.18,-2.72,1.19,-2.72,2.72,3.30,3.90,3.91,3.90
1760.55,1.26,-2.75,1.26,-2.75,2.75,3.35,4.02,4.02,4.01
1778.15,1.34,-2.78,1.34,-2.79,2.79,3.39,4.14,4.13,4.12
1795.94,1.40,-2.83,1.41,-2.83,2.83,3.43,4.24,4.24,4.23
1813.90,1.47,-2.88,1.49,-2.87,2.87,3.47,4.35,4.36,4.35
1832.03,1.55,-2.92,1.56,-2.92,2.92,3.50,4.47,4.48,4.47
1850.36,1.63,-2.96,1.64,-2.96,2.96,3.53,4.59,4.60,4.59
1868.86,1.71,-3.00,1.71,-3.00,3.00,3.56,4.72,4.72,4.72
1887.55,1.79,-3.05,1.79,-3.05,3.05,3.59,4.84,4.84,4.84
1906.42,1.87,-3.09,1.87,-3.09,3.09,3.61,4.96,4.96,4.96
1925.49,1.96,-3.12,1.95,-3.13,3.13,3.63,5.10,5.08,5.09
1944.74,2.03,-3.18,2.03,-3.17,3.17,3.65,5.21,5.21,5.21
1964.19,2.11,-3.22,2.11,-3.22,3.22,3.66,5.33,5.33,5.34
1983.83,2.19,-3.26,2.19,-3.26,3.26,3.66,5.45,5.45,5.46
2003.67,2.26,-3.31,2.27,-3.30,3.30,3.67,5.56,5.57,5.58
2023.71,2.34,-3.35,2.36,-3.33,3.33,3.66,5.68,5.69,5.70
2043.94,2.43,-3.38,2.44,-3.37,3.37,3.66,5.80,5.81,5.82
2064.38,2.52,-3.41,2.52,-3.40,3.40,3.65,5.93,5.92,5.94
2085.03,2.60,-3.45,2.60,-3.44,3.44,3.63,6.04,6.04,6.05
2105.88,2.68,-3.48,2.69,-3.47,3.47,3.61,6.15,6.15,6.17
2126.94,2.76,-3.52,2.77,-3.50,3.50,3.59,6.26,6.27,6.28
2148.20,2.86,-3.53,2.86,-3.53,3.53,3.56,6.39,6.38,6.40
2169.69,2.93,-3.58,2.94,-3.55,3.55,3.53,6.49,6.49,6.51
2191.38,3.01,-3.61,3.03,-3.58,3.58,3.50,6.59,6.60,6.62
2213.30,3.10,-3.63,3.11,-3.60,3.60,3.47,6.71,6.71,6.73
2235.43,3.20,-3.64,3.20,-3.63,3.63,3.43,6.83,6.82,6.84
2257.78,3.28,-3.66,3.28,-3.65,3.65,3.39,6.93,6.93,6.95
2280.36,3.36,-3.69,3.36,-3.67,3.67,3.35,7.03,7.03,7.05
2303.17,3.44,-3.71,3.45,-3.69,3.69,3.31,7.13,7.14,7.15
2326.20,3.52,-3.73,3.53,-3.71,3.71,3.26,7.23,7.24,7.25
2349.46,3.60,-3.75,3.60,-3.73,3.73,3.22,7.33,7.33,7.35
2372.95,3.67,-3.77,3.68,-3.75,3.75,3.17,7.42,7.42,7.45
2396.68,3.75,-3.78,3.75,-3.76,3.76,3.13,7.52,7.51,7.54
2420.65,3.82,-3.80,3.82,-3.78,3.78,3.09,7.60,7.59,7.62
2444.86,3.89,-3.81,3.88,-3.79,3.79,3.04,7.68,7.67,7.70
2469.31,3.95,-3.83,3.94,-3.80,3.80,3.00,7.76,7.75,7.78
2494.00,4.02,-3.83,4.00,-3.81,3.81,2.96,7.84,7.82,7.85
2518.94,4.06,-3.86,4.06,-3.82,3.82,2.92,7.88,7.88,7.92
2544.13,4.10,-3.88,4.12,-3.82,3.82,2.88,7.93,7.94,7.98
2569.57,4.15,-3.88,4.17,-3.83,3.83,2.84,7.98,8.00,8.04
2595.27,4.20,-3.88,4.22,-3.82,3.82,2.80,8.03,8.04,8.08
2621.22,4.24,-3.88,4.27,-3.82,3.82,2.77,8.06,8.08,8.12
2647.43,4.28,-3.87,4.31,-3.81,3.81,2.73,8.09,8.12,8.15
2673.90,4.33,-3.84,4.35,-3.80,3.80,2.70,8.13,8.14,8.17
2700.64,4.38,-3.80,4.38,-3.78,3.78,2.67,8.17,8.16,8.19
2727.65,4.42,-3.77,4.41,-3.76,3.76,2.65,8.19,8.17,8.19
2754.93,4.45,-3.74,4.44,-3.74,3.74,2.62,8.20,8.18,8.19
2782.48,4.48,-3.69,4.46,-3.72,3.72,2.60,8.20,8.17,8.18
2810.30,4.48,-3.68,4.47,-3.69,3.69,2.58,8.18,8.16,8.16
2838.40,4.49,-3.64,4.48,-3.67,3.67,2.56,8.16,8.15,8.14
2866.79,4.48,-3.63,4.48,-3.65,3.65,2.54,8.13,8.13,8.11
2895.46,4.48,-3.59,4.47,-3.62,3.62,2.53,8.11,8.10,8.08
2924.41,4.46,-3.58,4.46,-3.60,3.60,2.52,8.06,8.06,8.04
2953.65,4.44,-3.55,4.44,-3.57,3.57,2.51,8.02,8.01,8.00
2983.19,4.42,-3.53,4.42,-3.55,3.55,2.50,7.97,7.97,7.95
3013.02,4.39,-3.51,4.40,-3.52,3.52,2.49,7.91,7.91,7.91
3043.15,4.36,-3.49,4.37,-3.49,3.49,2.49,7.86,7.86,7.86
3073.58,4.32,-3.48,4.34,-3.46,3.46,2.49,7.79,7.80,7.81
3104.32,4.29,-3.46,4.30,-3.43,3.43,2.49,7.73,7.74,7.75
3135.36,4.26,-3.43,4.27,-3.40,3.40,2.49,7.66,7.67,7.70
3166.72,4.22,-3.41,4.23,-3.36,3.36,2.49,7.59,7.59,7.64
3198.38,4.19,-3.38,4.20,-3.32,3.32,2.49,7.51,7.52,7.58
3230.37,4.16,-3.35,4.16,-3.27,3.27,2.50,7.44,7.43,7.52
3262.67,4.14,-3.31,4.12,-3.22,3.22,2.51,7.37,7.34,7.45
3295.30,4.11,-3.28,4.09,-3.17,3.17,2.52,7.28,7.25,7.39
3328.25,4.07,-3.25,4.05,-3.11,3.11,2.53,7.18,7.16,7.33
3361.53,4.03,-3.23,4.03,-3.04,3.04,2.54,7.08,7.07,7.26
3395.15,4.00,-3.19,4.00,-2.97,2.97,2.55,6.98,6.98,7.20
3429.10,3.97,-3.16,3.99,-2.90,2.90,2.56,6.88,6.89,7.14
3463.39,3.95,-3.12,3.97,-2.83,2.83,2.57,6.78,6.80,7.07
3498.03,3.94,-3.07,3.97,-2.75,2.75,2.59,6.69,6.72,7.01
3533.01,3.94,-3.01,3.98,-2.67,2.67,2.60,6.61,6.64,6.96
3568.34,3.95,-2.95,3.99,-2.58,2.58,2.61,6.54,6.57,6.90
3604.02,3.98,-2.87,4.01,-2.50,2.50,2.62,6.48,6.51,6.86
3640.06,4.03,-2.78,4.04,-2.41,2.41,2.63,6.45,6.45,6.81
3676.46,4.08,-2.69,4.08,-2.32,2.32,2.64,6.41,6.41,6.78
3713.22,4.14,-2.60,4.13,-2.24,2.24,2.64,6.38,6.37,6.74
3750.36,4.20,-2.51,4.19,-2.15,2.15,2.65,6.35,6.34,6.72
3787.86,4.26,-2.43,4.26,-2.06,2.06,2.65,6.33,6.32,6.69
3825.74,4.32,-2.35,4.33,-1.98,1.98,2.66,6.31,6.31,6.67
3864.00,4.40,-2.26,4.41,-1.91,1.91,2.65,6.31,6.31,6.66
3902.64,4.48,-2.17,4.49,-1.84,1.84,2.65,6.32,6.33,6.65
3941.66,4.57,-2.07,4.58,-1.77,1.77,2.65,6.34,6.35,6.65
3981.08,4.67,-1.97,4.67,-1.70,1.70,2.64,6.37,6.37,6.64
4020.89,4.76,-1.88,4.77,-1.63,1.63,2.63,6.40,6.40,6.64
4061.10,4.85,-1.79,4.87,-1.57,1.57,2.61,6.42,6.44,6.64
4101.71,4.94,-1.70,4.97,-1.50,1.50,2.60,6.45,6.47,6.64
4142.73,5.05,-1.59,5.07,-1.44,1.44,2.58,6.49,6.51,6.65
4184.15,5.15,-1.49,5.17,-1.37,1.37,2.56,6.52,6.54,6.65
4226.00,5.26,-1.39,5.27,-1.30,1.30,2.53,6.57,6.58,6.65
4268.26,5.36,-1.29,5.37,-1.23,1.23,2.51,6.60,6.60,6.65
4310.94,5.46,-1.19,5.46,-1.16,1.16,2.48,6.63,6.62,6.65
4354.05,5.54,-1.10,5.54,-1.10,1.10,2.45,6.64,6.63,6.65
4397.59,5.62,-1.01,5.61,-1.03,1.03,2.42,6.65,6.64,6.64
4441.56,5.69,-0.93,5.67,-0.96,0.96,2.38,6.66,6.63,6.63
4485.98,5.72,-0.88,5.71,-0.90,0.90,2.35,6.63,6.62,6.61
4530.84,5.75,-0.83,5.75,-0.84,0.84,2.31,6.60,6.59,6.58
4576.15,5.76,-0.78,5.76,-0.80,0.80,2.27,6.56,6.55,6.55
4621.91,5.76,-0.74,5.75,-0.76,0.76,2.24,6.52,6.51,6.51
4668.13,5.74,-0.72,5.73,-0.73,0.73,2.20,6.47,6.45,6.46
4714.81,5.69,-0.71,5.68,-0.72,0.72,2.16,6.41,6.40,6.41
4761.96,5.63,-0.71,5.62,-0.72,0.72,2.12,6.35,6.34,6.35
4809.58,5.54,-0.74,5.54,-0.74,0.74,2.09,6.28,6.27,6.28
4857.67,5.43,-0.78,5.43,-0.77,0.77,2.05,6.21,6.21,6.21
4906.25,5.31,-0.82,5.31,-0.83,0.83,2.01,6.14,6.14,6.14
4955.31,5.16,-0.89,5.18,-0.89,0.89,1.98,6.06,6.07,6.06
5004.87,5.00,-0.98,5.02,-0.98,0.98,1.94,5.99,6.00,5.98
5054.91,4.82,-1.08,4.84,-1.09,1.09,1.91,5.91,5.93,5.91
5105.46,4.63,-1.20,4.65,-1.22,1.22,1.88,5.85,5.86,5.83
5156.52,4.42,-1.34,4.43,-1.37,1.37,1.85,5.80,5.80,5.76
5208.08,4.19,-1.50,4.19,-1.55,1.55,1.82,5.75,5.75,5.69
5260.16,3.95,-1.67,3.94,-1.76,1.76,1.79,5.72,5.70,5.62
5312.77,3.67,-1.88,3.66,-1.99,1.99,1.76,5.66,5.64,5.55
5365.89,3.39,-2.09,3.36,-2.22,2.22,1.73,5.62,5.58,5.48
5419.55,3.07,-2.34,3.04,-2.47,2.47,1.71,5.54,5.51,5.42
5473.75,2.72,-2.62,2.70,-2.72,2.72,1.69,5.44,5.42,5.35
5528.49,2.35,-2.92,2.34,-2.96,2.96,1.67,5.32,5.30,5.27
5583.77,1.97,-3.21,1.96,-3.20,3.20,1.65,5.18,5.16,5.19
5639.61,1.59,-3.51,1.57,-3.43,3.43,1.63,5.02,5.00,5.10
5696.00,1.18,-3.82,1.16,-3.64,3.64,1.62,4.83,4.80,5.01
5752.96,0.74,-4.16,0.74,-3.84,3.84,1.60,4.59,4.58,4.90
5810.49,0.30,-4.48,0.30,-4.02,4.02,1.59,4.32,4.32,4.79
5868.60,-0.14,-4.80,-0.13,-4.17,4.17,1.58,4.04,4.04,4.66
5927.28,-0.58,-5.10,-0.57,-4.30,4.30,1.57,3.73,3.73,4.52
5986.56,-1.02,-5.38,-1.01,-4.41,4.41,1.56,3.40,3.40,4.37
6046.42,-1.45,-5.64,-1.44,-4.50,4.50,1.56,3.05,3.06,4.20
6106.89,-1.89,-5.90,-1.86,-4.56,4.56,1.55,2.68,2.70,4.01
6167.96,-2.31,-6.12,-2.27,-4.61,4.61,1.55,2.31,2.34,3.81
6229.64,-2.71,-6.30,-2.68,-4.65,4.65,1.55,1.94,1.97,3.59
6291.93,-3.11,-6.46,-3.07,-4.67,4.67,1.55,1.56,1.60,3.36
6354.85,-3.49,-6.58,-3.44,-4.69,4.69,1.56,1.20,1.25,3.10
6418.40,-3.83,-6.65,-3.80,-4.71,4.67,1.56,0.84,0.87,2.82
6482.58,-4.16,-6.68,-4.15,-4.72,4.61,1.57,0.46,0.46,2.53
6547.41,-4.48,-6.69,-4.48,-4.72,4.52,1.57,0.04,0.03,2.21
6612.88,-4.79,-6.66,-4.80,-4.72,4.38,1.58,-0.40,-0.42,1.88
6679.01,-5.08,-6.60,-5.11,-4.71,4.20,1.59,-0.88,-0.91,1.52
6745.80,-5.37,-6.52,-5.40,-4.69,3.95,1.60,-1.42,-1.45,1.15
6813.26,-5.65,-6.41,-5.68,-4.67,3.65,1.61,-2.00,-2.03,0.77
6881.39,-5.91,-6.28,-5.94,-4.64,3.28,1.62,-2.62,-2.66,0.37
6950.21,-6.17,-6.13,-6.19,-4.61,2.87,1.63,-3.30,-3.32,-0.03
7019.71,-6.42,-5.98,-6.42,-4.57,2.46,1.64,-3.96,-3.96,-0.44
7089.91,-6.63,-5.78,-6.63,-4.52,2.07,1.65,-4.56,-4.56,-0.85
7160.81,-6.82,-5.56,-6.81,-4.46,1.71,1.66,-5.10,-5.10,-1.25
7232.41,-6.98,-5.33,-6.97,-4.39,1.39,1.67,-5.58,-5.58,-1.65
7304.74,-7.13,-5.09,-7.11,-4.29,1.12,1.68,-6.01,-5.99,-2.03
7377.79,-7.24,-4.83,-7.21,-4.17,0.89,1.68,-6.35,-6.32,-2.40
7451.56,-7.31,-4.55,-7.27,-4.03,0.70,1.69,-6.61,-6.57,-2.75
7526.08,-7.35,-4.27,-7.30,-3.87,0.55,1.69,-6.80,-6.76,-3.07
7601.34,-7.35,-3.98,-7.30,-3.69,0.42,1.69,-6.92,-6.87,-3.37
7677.35,-7.32,-3.68,-7.26,-3.48,0.33,1.69,-6.99,-6.93,-3.63
7754.13,-7.23,-3.37,-7.18,-3.26,0.25,1.68,-6.97,-6.93,-3.86
7831.67,-7.10,-3.05,-7.07,-3.02,0.19,1.67,-6.90,-6.88,-4.05
7909.98,-6.94,-2.73,-6.93,-2.77,0.15,1.66,-6.79,-6.78,-4.20
7989.08,-6.75,-2.43,-6.75,-2.51,0.11,1.64,-6.63,-6.64,-4.32
8068.98,-6.54,-2.15,-6.54,-2.25,0.09,1.62,-6.45,-6.46,-4.39
8149.67,-6.31,-1.89,-6.31,-1.99,0.06,1.60,-6.24,-6.24,-4.41
8231.16,-6.06,-1.65,-6.05,-1.73,0.05,1.57,-6.01,-6.00,-4.40
8313.47,-5.79,-1.44,-5.77,-1.49,0.04,1.54,-5.75,-5.73,-4.35
8396.61,-5.49,-1.23,-5.47,-1.27,0.03,1.51,-5.46,-5.44,-4.26
8480.57,-5.18,-1.05,-5.15,-1.08,0.02,1.47,-5.15,-5.13,-4.13
8565.38,-4.84,-0.87,-4.82,-0.91,0.02,1.43,-4.82,-4.81,-3.97
8651.03,-4.50,-0.73,-4.49,-0.78,0.01,1.39,-4.48,-4.48,-3.77
8737.54,-4.15,-0.61,-4.15,-0.67,0.01,1.34,-4.14,-4.14,-3.54
8824.92,-3.80,-0.52,-3.81,-0.58,0.01,1.29,-3.79,-3.81,-3.28
8913.17,-3.46,-0.46,-3.48,-0.52,0.01,1.24,-3.45,-3.47,-3.00
9002.30,-3.11,-0.41,-3.14,-0.48,0.00,1.18,-3.10,-3.14,-2.69
9092.32,-2.79,-0.41,-2.82,-0.46,0.00,1.13,-2.78,-2.81,-2.37
9183.25,-2.48,-0.44,-2.50,-0.46,0.00,1.07,-2.47,-2.50,-2.04
9275.08,-2.17,-0.47,-2.20,-0.49,0.00,1.01,-2.16,-2.19,-1.70
9367.83,-1.88,-0.51,-1.91,-0.52,0.00,0.96,-1.87,-1.90,-1.36
9461.51,-1.61,-0.57,-1.63,-0.57,0.00,0.90,-1.60,-1.63,-1.03
9556.12,-1.36,-0.65,-1.36,-0.63,0.00,0.84,-1.35,-1.36,-0.71
9651.68,-1.11,-0.71,-1.11,-0.69,0.00,0.78,-1.10,-1.11,-0.40
9748.20,-0.89,-0.79,-0.88,-0.75,0.00,0.72,-0.88,-0.88,-0.10
9845.68,-0.69,-0.87,-0.66,-0.81,0.00,0.66,-0.69,-0.66,0.19
9944.14,-0.49,-0.94,-0.45,-0.86,0.00,0.60,-0.49,-0.45,0.46
10043.58,-0.30,-1.01,-0.26,-0.91,0.00,0.54,-0.30,-0.26,0.71
10144.02,-0.12,-1.06,-0.09,-0.95,0.00,0.48,-0.12,-0.09,0.95
10245.46,0.05,-1.11,0.07,-0.99,0.00,0.42,0.05,0.07,1.17
10347.91,0.21,-1.15,0.20,-1.02,0.00,0.36,0.21,0.20,1.37
10451.39,0.34,-1.21,0.32,-1.05,0.00,0.30,0.34,0.32,1.55
10555.91,0.45,-1.26,0.41,-1.07,0.00,0.24,0.45,0.41,1.72
10661.46,0.52,-1.34,0.49,-1.10,0.00,0.18,0.52,0.49,1.87
10768.08,0.57,-1.42,0.54,-1.12,0.00,0.12,0.57,0.54,2.00
10875.76,0.60,-1.50,0.56,-1.15,0.00,0.06,0.60,0.56,2.11
10984.52,0.58,-1.61,0.57,-1.17,0.00,0.00,0.58,0.57,2.19
11094.36,0.55,-1.70,0.55,-1.21,0.00,-0.06,0.55,0.55,2.26
11205.31,0.50,-1.80,0.51,-1.24,0.00,-0.12,0.50,0.51,2.30
11317.36,0.44,-1.87,0.45,-1.28,0.00,-0.18,0.44,0.45,2.32
11430.53,0.34,-1.96,0.37,-1.33,0.00,-0.24,0.34,0.37,2.31
11544.84,0.23,-2.03,0.27,-1.39,0.00,-0.31,0.23,0.27,2.26
11660.29,0.12,-2.06,0.16,-1.45,0.00,-0.37,0.12,0.16,2.19
11776.89,-0.01,-2.08,0.03,-1.51,0.00,-0.44,-0.01,0.03,2.07
11894.66,-0.16,-2.08,-0.12,-1.56,0.00,-0.50,-0.16,-0.12,1.93
12013.60,-0.31,-2.05,-0.28,-1.59,0.00,-0.57,-0.31,-0.28,1.75
12133.74,-0.47,-1.99,-0.46,-1.62,0.00,-0.65,-0.47,-0.46,1.53
12255.08,-0.66,-1.93,-0.66,-1.62,0.00,-0.72,-0.66,-0.66,1.27
12377.63,-0.86,-1.84,-0.88,-1.61,0.00,-0.80,-0.86,-0.88,0.99
12501.41,-1.09,-1.75,-1.12,-1.58,0.00,-0.88,-1.09,-1.12,0.66
12626.42,-1.35,-1.64,-1.39,-1.52,0.00,-0.97,-1.35,-1.39,0.30
12752.68,-1.64,-1.54,-1.67,-1.45,0.00,-1.06,-1.64,-1.67,-0.10
12880.21,-1.95,-1.42,-1.98,-1.36,0.00,-1.15,-1.95,-1.98,-0.53
13009.01,-2.28,-1.28,-2.31,-1.25,0.00,-1.25,-2.28,-2.31,-0.99
13139.10,-2.64,-1.14,-2.65,-1.13,0.00,-1.36,-2.64,-2.65,-1.49
13270.49,-3.02,-0.99,-3.02,-1.00,0.00,-1.47,-3.02,-3.02,-2.02
13403.20,-3.43,-0.84,-3.40,-0.85,0.00,-1.59,-3.43,-3.40,-2.58
13537.23,-3.84,-0.67,-3.80,-0.69,0.00,-1.72,-3.84,-3.80,-3.17
13672.60,-4.25,-0.48,-4.21,-0.52,-0.02,-1.85,-4.26,-4.23,-3.77
13809.33,-4.67,-0.29,-4.64,-0.34,-0.06,-2.00,-4.73,-4.70,-4.38
13947.42,-5.11,-0.12,-5.07,-0.16,-0.13,-2.16,-5.23,-5.20,-4.99
14086.90,-5.53,0.07,-5.52,0.03,-0.21,-2.33,-5.74,-5.73,-5.59
14227.77,-5.97,0.22,-5.98,0.22,-0.33,-2.51,-6.29,-6.30,-6.19
14370.04,-6.43,0.35,-6.44,0.42,-0.47,-2.70,-6.90,-6.91,-6.77
14513.74,-6.90,0.45,-6.92,0.62,-0.64,-2.90,-7.53,-7.56,-7.34
14658.88,-7.36,0.54,-7.41,0.84,-0.84,-3.12,-8.19,-8.25,-7.90
14805.47,-7.85,0.59,-7.91,1.06,-1.06,-3.34,-8.91,-8.97,-8.44
14953.52,-8.36,0.60,-8.41,1.29,-1.29,-3.57,-9.65,-9.71,-8.96
15103.06,-8.87,0.61,-8.92,1.54,-1.54,-3.80,-10.40,-10.46,-9.47
15254.09,-9.39,0.60,-9.43,1.79,-1.79,-4.02,-11.18,-11.22,-9.98
15406.63,-9.92,0.57,-9.93,2.06,-2.06,-4.24,-11.98,-11.99,-10.49
15560.70,-10.43,0.57,-10.42,2.34,-2.34,-4.42,-12.76,-12.76,-11.00
15716.30,-10.93,0.61,-10.90,2.63,-2.63,-4.57,-13.55,-13.53,-11.53
15873.47,-11.42,0.69,-11.36,2.92,-2.92,-4.66,-14.34,-14.28,-12.10
16032.20,-11.88,0.84,-11.79,3.21,-3.21,-4.69,-15.09,-15.00,-12.71
16192.52,-12.30,1.06,-12.19,3.50,-3.50,-4.64,-15.80,-15.69,-13.36
16354.45,-12.67,1.38,-12.56,3.80,-3.80,-4.52,-16.46,-16.36,-14.04
16517.99,-13.00,1.79,-12.89,4.11,-4.11,-4.33,-17.10,-17.00,-14.79
16683.17,-13.30,2.29,-13.20,4.43,-4.43,-4.09,-17.72,-17.62,-15.58
16850.01,-13.55,2.88,-13.47,4.77,-4.77,-3.80,-18.32,-18.24,-16.43
17018.51,-13.78,3.54,-13.72,5.14,-5.14,-3.48,-18.91,-18.86,-17.32
17188.69,-13.98,4.26,-13.95,5.53,-5.53,-3.16,-19.51,-19.48,-18.23
17360.58,-14.16,5.02,-14.16,5.95,-5.95,-2.83,-20.10,-20.11,-19.17
17534.18,-14.33,5.81,-14.37,6.40,-6.40,-2.52,-20.72,-20.77,-20.14
17709.53,-14.51,6.61,-14.57,6.87,-6.87,-2.23,-21.38,-21.44,-21.11
17886.62,-14.70,7.40,-14.78,7.37,-7.37,-1.95,-22.07,-22.15,-22.10
18065.49,-14.91,8.09,-15.04,7.89,-7.89,-1.70,-22.79,-22.93,-22.99
18246.14,-15.15,8.74,-15.30,8.43,-8.43,-1.48,-23.57,-23.73,-23.89
18428.60,-15.42,9.36,-15.57,8.99,-8.99,-1.27,-24.40,-24.55,-24.78
18612.89,-15.71,9.96,-15.84,9.57,-9.57,-1.09,-25.28,-25.41,-25.66
18799.02,-16.00,10.55,-16.11,10.18,-10.18,-0.93,-26.17,-26.29,-26.55
18987.01,-16.30,11.14,-16.39,10.81,-10.81,-0.79,-27.11,-27.20,-27.43
19176.88,-16.63,11.68,-16.67,11.46,-11.46,-0.66,-28.09,-28.14,-28.31
19368.65,-16.96,12.23,-16.96,12.14,-12.14,-0.56,-29.10,-29.10,-29.18
19562.33,-17.30,12.76,-17.26,12.84,-12.84,-0.46,-30.14,-30.10,-30.06
19757.96,-17.67,13.26,-17.55,13.57,-13.57,-0.38,-31.23,-31.12,-30.93
19955.54,-18.04,13.76,-17.85,14.31,-14.31,-0.30,-32.35,-32.17,-31.79
