frequency,raw,smoothed,error,error_smoothed,equalization,parametric_eq,fixed_band_eq,equalized_raw,equalized_smoothed,target
20.00,0.79,0.79,-6.66,-6.66,5.99,6.06,2.16,6.78,6.78,7.45
20.20,0.86,0.86,-6.59,-6.59,6.00,6.02,2.23,6.85,6.85,7.45
20.40,0.93,0.92,-6.52,-6.53,6.00,5.99,2.29,6.93,6.92,7.45
20.61,0.99,0.99,-6.46,-6.46,6.00,5.96,2.36,6.99,6.99,7.45
20.81,1.05,1.05,-6.40,-6.40,6.01,5.93,2.43,7.05,7.06,7.45
21.02,1.12,1.11,-6.33,-6.33,6.01,5.89,2.50,7.12,7.12,7.45
21.23,1.18,1.18,-6.27,-6.26,6.01,5.86,2.57,7.18,7.19,7.45
21.44,1.25,1.25,-6.20,-6.20,6.00,5.82,2.65,7.25,7.25,7.44
21.66,1.31,1.31,-6.14,-6.14,6.00,5.79,2.73,7.31,7.31,7.44
21.87,1.36,1.36,-6.09,-6.08,6.00,5.76,2.81,7.36,7.36,7.44
22.09,1.41,1.40,-6.03,-6.04,6.00,5.72,2.89,7.40,7.40,7.44
22.31,1.44,1.44,-6.00,-6.00,5.99,5.69,2.98,7.43,7.43,7.44
22.54,1.46,1.46,-5.98,-5.98,5.98,5.65,3.06,7.44,7.44,7.44
22.76,1.48,1.47,-5.96,-5.96,5.97,5.62,3.15,7.45,7.45,7.44
22.99,1.49,1.49,-5.95,-5.95,5.96,5.58,3.24,7.44,7.44,7.44
23.22,1.51,1.51,-5.93,-5.93,5.93,5.55,3.34,7.44,7.44,7.44
23.45,1.53,1.53,-5.91,-5.91,5.90,5.51,3.43,7.43,7.43,7.44
23.69,1.57,1.56,-5.87,-5.87,5.86,5.47,3.53,7.42,7.42,7.44
23.92,1.61,1.61,-5.83,-5.82,5.81,5.44,3.63,7.42,7.42,7.43
24.16,1.67,1.67,-5.77,-5.76,5.75,5.40,3.73,7.42,7.42,7.43
24.40,1.74,1.74,-5.69,-5.70,5.69,5.37,3.83,7.43,7.43,7.43
24.65,1.81,1.81,-5.62,-5.62,5.63,5.33,3.94,7.43,7.43,7.43
24.89,1.88,1.88,-5.55,-5.55,5.56,5.29,4.04,7.44,7.44,7.43
25.14,1.94,1.94,-5.49,-5.49,5.51,5.25,4.15,7.45,7.45,7.43
25.39,2.00,1.99,-5.43,-5.44,5.46,5.22,4.25,7.46,7.45,7.43
25.65,2.03,2.03,-5.40,-5.39,5.41,5.18,4.36,7.44,7.45,7.42
25.91,2.07,2.06,-5.36,-5.36,5.37,5.14,4.47,7.44,7.43,7.42
26.16,2.09,2.08,-5.33,-5.34,5.33,5.10,4.58,7.42,7.42,7.42
26.43,2.11,2.11,-5.31,-5.31,5.29,5.07,4.68,7.40,7.40,7.42
26.69,2.15,2.15,-5.27,-5.27,5.24,5.03,4.79,7.39,7.39,7.42
26.96,2.20,2.20,-5.22,-5.21,5.19,4.99,4.89,7.38,7.39,7.42
27.23,2.28,2.28,-5.14,-5.14,5.12,4.95,4.99,7.40,7.40,7.42
27.50,2.36,2.36,-5.06,-5.06,5.06,4.91,5.09,7.42,7.41,7.41
27.77,2.44,2.44,-4.97,-4.98,4.99,4.87,5.18,7.43,7.43,7.41
28.05,2.51,2.51,-4.90,-4.90,4.93,4.83,5.27,7.43,7.43,7.41
28.33,2.57,2.57,-4.84,-4.84,4.86,4.79,5.35,7.43,7.43,7.41
28.62,2.62,2.61,-4.79,-4.79,4.81,4.75,5.44,7.42,7.42,7.40
28.90,2.65,2.65,-4.76,-4.76,4.76,4.71,5.51,7.40,7.40,7.40
29.19,2.68,2.68,-4.72,-4.72,4.71,4.68,5.57,7.38,7.39,7.40
29.48,2.72,2.72,-4.68,-4.68,4.66,4.64,5.63,7.38,7.38,7.40
29.78,2.77,2.77,-4.63,-4.63,4.62,4.60,5.68,7.38,7.38,7.40
30.08,2.82,2.82,-4.58,-4.57,4.57,4.56,5.72,7.39,7.39,7.39
30.38,2.88,2.87,-4.51,-4.52,4.52,4.51,5.76,7.40,7.40,7.39
30.68,2.93,2.93,-4.46,-4.46,4.47,4.47,5.78,7.40,7.40,7.39
30.99,2.98,2.98,-4.41,-4.41,4.41,4.43,5.79,7.39,7.39,7.38
31.30,3.03,3.02,-4.35,-4.36,4.35,4.39,5.79,7.38,7.38,7.38
31.61,3.08,3.08,-4.30,-4.30,4.29,4.35,5.79,7.36,7.37,7.38
31.93,3.14,3.14,-4.24,-4.24,4.22,4.31,5.77,7.36,7.36,7.37
32.24,3.21,3.21,-4.16,-4.17,4.16,4.27,5.75,7.36,7.36,7.37
32.57,3.28,3.28,-4.09,-4.09,4.09,4.23,5.71,7.37,7.37,7.37
32.89,3.35,3.35,-4.02,-4.02,4.03,4.19,5.67,7.38,7.37,7.36
33.22,3.41,3.41,-3.95,-3.95,3.97,4.15,5.61,7.38,7.38,7.36
33.55,3.46,3.46,-3.90,-3.90,3.92,4.11,5.56,7.37,7.37,7.36
33.89,3.50,3.49,-3.86,-3.86,3.87,4.06,5.49,7.37,7.36,7.35
34.23,3.52,3.52,-3.83,-3.83,3.83,4.02,5.41,7.35,7.35,7.35
34.57,3.55,3.55,-3.80,-3.80,3.79,3.98,5.33,7.34,7.34,7.34
34.92,3.58,3.57,-3.76,-3.76,3.75,3.94,5.25,7.33,7.33,7.34
35.27,3.61,3.61,-3.73,-3.73,3.72,3.90,5.16,7.33,7.33,7.33
35.62,3.64,3.64,-3.69,-3.69,3.68,3.86,5.06,7.32,7.32,7.33
35.97,3.68,3.68,-3.65,-3.65,3.64,3.81,4.96,7.32,7.32,7.32
36.33,3.72,3.72,-3.60,-3.60,3.60,3.77,4.86,7.32,7.32,7.32
36.70,3.76,3.76,-3.56,-3.56,3.56,3.73,4.76,7.32,7.32,7.31
37.06,3.80,3.79,-3.51,-3.51,3.52,3.69,4.66,7.32,7.31,7.31
37.43,3.83,3.83,-3.47,-3.47,3.47,3.64,4.55,7.30,7.30,7.30
37.81,3.87,3.86,-3.43,-3.43,3.43,3.60,4.44,7.30,7.29,7.30
38.19,3.90,3.90,-3.39,-3.39,3.39,3.56,4.34,7.28,7.29,7.29
38.57,3.94,3.94,-3.35,-3.35,3.34,3.52,4.23,7.28,7.28,7.28
38.95,3.98,3.98,-3.30,-3.30,3.30,3.47,4.12,7.28,7.28,7.28
39.34,4.02,4.01,-3.25,-3.26,3.26,3.43,4.02,7.27,7.27,7.27
39.74,4.05,4.05,-3.22,-3.21,3.21,3.39,3.92,7.26,7.26,7.26
40.14,4.09,4.09,-3.17,-3.17,3.17,3.34,3.81,7.25,7.25,7.25
40.54,4.13,4.12,-3.12,-3.12,3.12,3.30,3.71,7.25,7.25,7.25
40.94,4.16,4.16,-3.08,-3.08,3.08,3.26,3.61,7.23,7.24,7.24
41.35,4.20,4.20,-3.03,-3.03,3.03,3.21,3.52,7.23,7.23,7.23
41.76,4.24,4.23,-2.98,-2.99,2.99,3.17,3.42,7.23,7.22,7.22
42.18,4.27,4.27,-2.95,-2.94,2.94,3.13,3.33,7.21,7.21,7.21
42.60,4.31,4.31,-2.90,-2.90,2.90,3.08,3.24,7.20,7.20,7.20
43.03,4.34,4.34,-2.86,-2.85,2.85,3.04,3.15,7.19,7.19,7.19
43.46,4.38,4.37,-2.81,-2.81,2.81,2.99,3.06,7.19,7.18,7.18
43.90,4.41,4.41,-2.77,-2.76,2.77,2.95,2.98,7.17,7.17,7.17
44.33,4.44,4.44,-2.72,-2.72,2.72,2.90,2.90,7.16,7.16,7.16
44.78,4.48,4.47,-2.67,-2.68,2.68,2.86,2.82,7.16,7.15,7.15
45.23,4.50,4.50,-2.64,-2.64,2.64,2.82,2.74,7.14,7.14,7.14
45.68,4.53,4.53,-2.60,-2.60,2.60,2.77,2.66,7.13,7.13,7.13
46.13,4.56,4.55,-2.56,-2.56,2.56,2.73,2.59,7.12,7.11,7.11
46.60,4.58,4.58,-2.53,-2.52,2.52,2.68,2.52,7.10,7.10,7.10
47.06,4.61,4.61,-2.48,-2.48,2.48,2.63,2.45,7.09,7.09,7.09
47.53,4.64,4.64,-2.44,-2.44,2.44,2.59,2.38,7.07,7.07,7.07
48.01,4.67,4.67,-2.39,-2.39,2.39,2.54,2.32,7.06,7.06,7.06
48.49,4.70,4.70,-2.35,-2.35,2.35,2.50,2.26,7.04,7.04,7.05
48.97,4.73,4.73,-2.30,-2.30,2.30,2.45,2.20,7.03,7.03,7.03
49.46,4.77,4.76,-2.25,-2.25,2.25,2.40,2.14,7.02,7.01,7.01
49.96,4.80,4.80,-2.20,-2.20,2.20,2.36,2.08,7.00,7.00,7.00
50.46,4.83,4.83,-2.15,-2.15,2.15,2.31,2.02,6.98,6.98,6.98
50.96,4.87,4.86,-2.10,-2.10,2.10,2.26,1.97,6.97,6.97,6.96
51.47,4.90,4.89,-2.05,-2.05,2.05,2.21,1.92,6.95,6.95,6.95
51.99,4.92,4.92,-2.01,-2.00,2.01,2.17,1.87,6.92,6.93,6.93
52.51,4.95,4.95,-1.96,-1.96,1.96,2.12,1.82,6.91,6.91,6.91
53.03,4.98,4.97,-1.91,-1.91,1.92,2.07,1.77,6.89,6.89,6.89
53.56,5.00,5.00,-1.87,-1.87,1.87,2.02,1.72,6.87,6.87,6.87
54.10,5.02,5.02,-1.83,-1.83,1.83,1.97,1.67,6.84,6.84,6.85
54.64,5.04,5.04,-1.79,-1.79,1.78,1.92,1.62,6.82,6.82,6.82
55.18,5.06,5.06,-1.74,-1.74,1.74,1.87,1.58,6.80,6.80,6.80
55.74,5.09,5.08,-1.69,-1.69,1.69,1.82,1.53,6.78,6.78,6.78
56.29,5.11,5.11,-1.65,-1.65,1.65,1.77,1.49,6.76,6.75,6.75
56.86,5.13,5.13,-1.60,-1.60,1.60,1.72,1.44,6.73,6.73,6.73
57.42,5.15,5.15,-1.56,-1.56,1.56,1.67,1.40,6.70,6.70,6.70
58.00,5.17,5.17,-1.51,-1.51,1.51,1.62,1.35,6.68,6.68,6.68
58.58,5.19,5.19,-1.46,-1.46,1.46,1.56,1.31,6.65,6.65,6.65
59.16,5.21,5.21,-1.41,-1.41,1.42,1.51,1.26,6.62,6.62,6.62
59.76,5.23,5.23,-1.37,-1.37,1.37,1.46,1.22,6.59,6.59,6.59
60.35,5.25,5.24,-1.32,-1.32,1.32,1.40,1.17,6.57,6.56,6.56
60.96,5.26,5.26,-1.28,-1.27,1.27,1.35,1.12,6.53,6.53,6.53
61.57,5.28,5.28,-1.22,-1.22,1.22,1.30,1.08,6.50,6.50,6.50
62.18,5.30,5.30,-1.17,-1.17,1.17,1.24,1.03,6.47,6.47,6.47
62.80,5.32,5.32,-1.12,-1.12,1.12,1.18,0.98,6.44,6.44,6.44
63.43,5.34,5.34,-1.06,-1.06,1.07,1.13,0.93,6.40,6.40,6.40
64.07,5.36,5.36,-1.01,-1.01,1.01,1.07,0.88,6.37,6.37,6.37
64.71,5.38,5.37,-0.95,-0.96,0.96,1.01,0.83,6.33,6.33,6.33
65.35,5.39,5.39,-0.91,-0.90,0.90,0.96,0.78,6.29,6.29,6.29
66.01,5.41,5.41,-0.85,-0.85,0.84,0.90,0.73,6.25,6.25,6.25
66.67,5.43,5.43,-0.79,-0.79,0.79,0.84,0.67,6.21,6.21,6.22
67.33,5.45,5.45,-0.73,-0.73,0.73,0.78,0.62,6.18,6.18,6.18
68.01,5.47,5.46,-0.67,-0.67,0.68,0.72,0.57,6.14,6.14,6.13
68.69,5.48,5.48,-0.62,-0.61,0.62,0.66,0.51,6.10,6.10,6.09
69.37,5.49,5.49,-0.56,-0.56,0.56,0.60,0.45,6.05,6.05,6.05
70.07,5.50,5.49,-0.51,-0.51,0.50,0.53,0.40,6.00,6.00,6.01
70.77,5.50,5.50,-0.46,-0.46,0.44,0.47,0.34,5.94,5.95,5.96
71.48,5.52,5.52,-0.40,-0.40,0.38,0.41,0.28,5.90,5.90,5.91
72.19,5.54,5.54,-0.33,-0.33,0.32,0.35,0.22,5.86,5.86,5.87
72.91,5.57,5.56,-0.25,-0.25,0.27,0.28,0.16,5.83,5.83,5.82
73.64,5.59,5.58,-0.18,-0.19,0.21,0.22,0.10,5.79,5.79,5.77
74.38,5.59,5.59,-0.13,-0.13,0.15,0.15,0.04,5.74,5.74,5.72
75.12,5.59,5.58,-0.08,-0.08,0.09,0.08,-0.03,5.68,5.67,5.67
75.87,5.58,5.58,-0.04,-0.04,0.03,0.02,-0.09,5.60,5.61,5.62
76.63,5.58,5.58,0.01,0.02,-0.04,-0.05,-0.16,5.54,5.54,5.56
77.40,5.59,5.59,0.08,0.08,-0.11,-0.12,-0.22,5.48,5.48,5.51
78.17,5.61,5.61,0.15,0.16,-0.18,-0.18,-0.29,5.43,5.43,5.45
78.95,5.64,5.64,0.24,0.24,-0.25,-0.25,-0.35,5.39,5.39,5.40
79.74,5.68,5.67,0.34,0.33,-0.32,-0.32,-0.42,5.36,5.35,5.34
80.54,5.70,5.70,0.42,0.41,-0.39,-0.39,-0.49,5.31,5.31,5.28
81.35,5.71,5.70,0.49,0.48,-0.45,-0.46,-0.56,5.26,5.26,5.22
82.16,5.69,5.69,0.53,0.53,-0.50,-0.53,-0.63,5.19,5.19,5.16
82.98,5.67,5.66,0.57,0.56,-0.55,-0.60,-0.70,5.12,5.12,5.10
83.81,5.63,5.63,0.59,0.59,-0.59,-0.67,-0.77,5.04,5.04,5.04
84.65,5.60,5.60,0.62,0.62,-0.64,-0.75,-0.84,4.96,4.96,4.98
85.50,5.58,5.58,0.66,0.67,-0.70,-0.82,-0.91,4.88,4.88,4.91
86.35,5.59,5.59,0.74,0.74,-0.77,-0.89,-0.99,4.82,4.82,4.85
87.22,5.62,5.62,0.83,0.83,-0.86,-0.96,-1.06,4.76,4.76,4.78
88.09,5.67,5.67,0.95,0.95,-0.97,-1.04,-1.14,4.70,4.70,4.72
88.97,5.73,5.73,1.08,1.08,-1.09,-1.11,-1.21,4.64,4.64,4.65
89.86,5.81,5.80,1.22,1.22,-1.22,-1.18,-1.29,4.59,4.58,4.58
90.76,5.88,5.88,1.36,1.36,-1.35,-1.26,-1.37,4.52,4.52,4.51
91.66,5.94,5.94,1.49,1.49,-1.48,-1.33,-1.45,4.45,4.46,4.45
92.58,6.00,5.99,1.62,1.62,-1.60,-1.40,-1.53,4.40,4.39,4.38
93.51,6.03,6.03,1.72,1.72,-1.70,-1.48,-1.61,4.32,4.32,4.31
94.44,6.05,6.04,1.81,1.81,-1.79,-1.55,-1.69,4.26,4.25,4.24
95.39,6.04,6.04,1.87,1.87,-1.86,-1.62,-1.78,4.18,4.18,4.17
96.34,6.02,6.01,1.92,1.92,-1.91,-1.70,-1.86,4.11,4.10,4.09
97.30,5.97,5.97,1.94,1.94,-1.94,-1.77,-1.95,4.02,4.02,4.02
98.28,5.91,5.91,1.96,1.96,-1.96,-1.84,-2.03,3.94,3.95,3.95
99.26,5.85,5.85,1.97,1.97,-1.97,-1.91,-2.12,3.88,3.88,3.88
100.25,5.78,5.78,1.97,1.97,-1.96,-1.99,-2.20,3.81,3.81,3.81
101.25,5.70,5.70,1.96,1.96,-1.95,-2.06,-2.29,3.74,3.74,3.73
102.27,5.62,5.61,1.96,1.95,-1.94,-2.13,-2.37,3.68,3.67,3.66
103.29,5.52,5.52,1.93,1.93,-1.93,-2.20,-2.46,3.59,3.59,3.59
104.32,5.44,5.44,1.92,1.92,-1.92,-2.27,-2.55,3.51,3.52,3.51
105.37,5.37,5.36,1.93,1.92,-1.93,-2.34,-2.63,3.44,3.43,3.44
106.42,5.31,5.31,1.94,1.94,-1.95,-2.41,-2.71,3.35,3.35,3.37
107.48,5.27,5.27,1.97,1.98,-2.00,-2.48,-2.80,3.27,3.27,3.30
108.56,5.27,5.27,2.04,2.04,-2.07,-2.55,-2.88,3.19,3.19,3.22
109.64,5.30,5.29,2.15,2.14,-2.17,-2.62,-2.96,3.12,3.12,3.15
110.74,5.34,5.34,2.26,2.27,-2.30,-2.68,-3.03,3.04,3.04,3.08
111.85,5.42,5.42,2.41,2.42,-2.44,-2.75,-3.11,2.98,2.98,3.01
112.97,5.52,5.52,2.58,2.58,-2.59,-2.81,-3.18,2.93,2.93,2.93
114.10,5.62,5.62,2.75,2.75,-2.73,-2.88,-3.25,2.88,2.88,2.86
115.24,5.71,5.70,2.92,2.91,-2.86,-2.94,-3.31,2.84,2.84,2.79
116.39,5.75,5.75,3.03,3.03,-2.98,-3.00,-3.37,2.77,2.78,2.72
117.55,5.78,5.77,3.13,3.12,-3.07,-3.07,-3.43,2.71,2.70,2.65
118.73,5.75,5.75,3.17,3.17,-3.14,-3.13,-3.48,2.61,2.61,2.58
119.92,5.70,5.70,3.19,3.19,-3.19,-3.18,-3.53,2.51,2.51,2.51
121.12,5.65,5.65,3.21,3.20,-3.23,-3.24,-3.57,2.42,2.42,2.44
122.33,5.60,5.60,3.22,3.22,-3.26,-3.30,-3.61,2.33,2.33,2.37
123.55,5.56,5.57,3.25,3.26,-3.30,-3.36,-3.64,2.26,2.27,2.31
124.79,5.55,5.55,3.31,3.31,-3.34,-3.41,-3.67,2.21,2.21,2.24
126.03,5.56,5.55,3.38,3.38,-3.38,-3.46,-3.69,2.17,2.17,2.17
127.29,5.56,5.56,3.45,3.45,-3.44,-3.51,-3.71,2.12,2.12,2.11
128.57,5.56,5.55,3.51,3.51,-3.49,-3.56,-3.72,2.07,2.06,2.04
129.85,5.54,5.54,3.56,3.56,-3.55,-3.61,-3.73,1.99,1.99,1.98
131.15,5.53,5.53,3.61,3.61,-3.60,-3.66,-3.73,1.92,1.92,1.92
132.46,5.51,5.51,3.65,3.65,-3.66,-3.71,-3.73,1.85,1.85,1.85
133.79,5.49,5.49,3.70,3.70,-3.70,-3.75,-3.72,1.78,1.78,1.79
135.12,5.47,5.47,3.74,3.74,-3.75,-3.79,-3.71,1.72,1.72,1.73
136.48,5.46,5.46,3.79,3.79,-3.79,-3.83,-3.70,1.67,1.67,1.67
137.84,5.45,5.45,3.83,3.83,-3.83,-3.87,-3.68,1.62,1.62,1.61
139.22,5.44,5.43,3.88,3.88,-3.87,-3.91,-3.66,1.57,1.56,1.56
140.61,5.42,5.41,3.92,3.91,-3.91,-3.95,-3.64,1.51,1.50,1.50
142.02,5.39,5.39,3.94,3.95,-3.95,-3.98,-3.62,1.44,1.44,1.44
143.44,5.37,5.37,3.98,3.98,-3.98,-4.02,-3.59,1.38,1.38,1.39
144.87,5.35,5.35,4.01,4.01,-4.02,-4.05,-3.56,1.33,1.33,1.34
146.32,5.33,5.33,4.04,4.05,-4.05,-4.08,-3.53,1.28,1.28,1.28
147.78,5.31,5.31,4.08,4.08,-4.07,-4.11,-3.51,1.23,1.23,1.23
149.26,5.29,5.28,4.11,4.10,-4.10,-4.13,-3.48,1.18,1.18,1.18
150.75,5.26,5.26,4.13,4.13,-4.13,-4.16,-3.45,1.13,1.13,1.13
152.26,5.24,5.23,4.15,4.15,-4.15,-4.18,-3.42,1.08,1.08,1.08
153.78,5.21,5.21,4.17,4.17,-4.17,-4.20,-3.39,1.03,1.04,1.03
155.32,5.19,5.18,4.20,4.20,-4.20,-4.22,-3.37,0.99,0.99,0.99
156.88,5.16,5.16,4.21,4.21,-4.21,-4.24,-3.34,0.94,0.94,0.94
158.44,5.13,5.13,4.23,4.23,-4.23,-4.26,-3.32,0.90,0.90,0.90
160.03,5.10,5.10,4.24,4.24,-4.25,-4.27,-3.30,0.85,0.85,0.86
161.63,5.07,5.07,4.26,4.26,-4.26,-4.29,-3.28,0.81,0.81,0.80
163.24,5.04,5.04,4.28,4.28,-4.27,-4.30,-3.26,0.76,0.76,0.76
164.88,5.01,5.01,4.29,4.29,-4.28,-4.31,-3.24,0.72,0.72,0.72
166.53,4.98,4.97,4.30,4.29,-4.29,-4.32,-3.23,0.68,0.68,0.68
168.19,4.94,4.94,4.29,4.30,-4.30,-4.32,-3.22,0.64,0.64,0.64
169.87,4.91,4.91,4.30,4.30,-4.30,-4.33,-3.21,0.60,0.61,0.61
171.57,4.88,4.87,4.31,4.30,-4.30,-4.33,-3.20,0.57,0.57,0.57
173.29,4.84,4.84,4.30,4.30,-4.30,-4.33,-3.19,0.54,0.54,0.53
175.02,4.80,4.80,4.30,4.30,-4.30,-4.33,-3.19,0.50,0.50,0.50
176.77,4.76,4.76,4.29,4.29,-4.29,-4.33,-3.19,0.47,0.47,0.47
178.54,4.72,4.71,4.28,4.28,-4.28,-4.33,-3.20,0.44,0.43,0.43
180.32,4.67,4.67,4.26,4.27,-4.27,-4.32,-3.20,0.40,0.40,0.40
182.13,4.63,4.63,4.26,4.25,-4.25,-4.32,-3.21,0.37,0.37,0.37
183.95,4.58,4.58,4.24,4.24,-4.23,-4.31,-3.22,0.34,0.34,0.34
185.79,4.53,4.53,4.22,4.21,-4.21,-4.30,-3.24,0.32,0.32,0.31
187.65,4.47,4.47,4.18,4.19,-4.18,-4.29,-3.25,0.28,0.29,0.28
189.52,4.42,4.42,4.16,4.16,-4.16,-4.28,-3.27,0.26,0.26,0.26
191.42,4.36,4.36,4.13,4.13,-4.13,-4.26,-3.29,0.23,0.23,0.23
193.33,4.31,4.30,4.10,4.10,-4.10,-4.25,-3.31,0.21,0.20,0.20
195.27,4.25,4.25,4.07,4.07,-4.07,-4.23,-3.34,0.18,0.18,0.18
197.22,4.20,4.20,4.04,4.04,-4.05,-4.21,-3.36,0.15,0.15,0.15
199.19,4.16,4.15,4.03,4.02,-4.03,-4.19,-3.39,0.13,0.13,0.13
201.18,4.11,4.11,4.00,4.00,-4.01,-4.17,-3.42,0.10,0.10,0.11
203.19,4.08,4.08,3.99,3.99,-4.00,-4.15,-3.45,0.08,0.08,0.09
205.23,4.05,4.05,3.98,3.98,-3.99,-4.12,-3.48,0.05,0.05,0.06
207.28,4.03,4.03,3.98,3.99,-3.99,-4.10,-3.51,0.04,0.04,0.04
209.35,4.02,4.02,3.99,3.99,-3.99,-4.07,-3.54,0.02,0.02,0.02
211.44,4.01,4.00,4.00,4.00,-4.00,-4.04,-3.58,0.01,0.01,0.00
213.56,3.99,3.99,4.00,4.00,-4.00,-4.01,-3.61,-0.01,-0.01,-0.02
215.69,3.97,3.97,4.00,4.00,-4.00,-3.98,-3.64,-0.03,-0.03,-0.03
217.85,3.95,3.94,4.00,4.00,-3.99,-3.94,-3.67,-0.05,-0.05,-0.05
220.03,3.92,3.92,3.99,3.99,-3.98,-3.91,-3.70,-0.07,-0.06,-0.07
222.23,3.89,3.89,3.97,3.97,-3.97,-3.87,-3.72,-0.08,-0.08,-0.08
224.45,3.85,3.85,3.95,3.95,-3.95,-3.84,-3.75,-0.10,-0.10,-0.10
226.70,3.81,3.80,3.92,3.92,-3.92,-3.80,-3.77,-0.11,-0.12,-0.12
228.96,3.76,3.76,3.89,3.89,-3.89,-3.76,-3.79,-0.13,-0.13,-0.13
231.25,3.71,3.71,3.85,3.85,-3.86,-3.72,-3.80,-0.15,-0.15,-0.15
233.57,3.66,3.65,3.82,3.82,-3.82,-3.67,-3.81,-0.16,-0.17,-0.16
235.90,3.60,3.60,3.78,3.78,-3.78,-3.63,-3.82,-0.18,-0.18,-0.18
238.26,3.55,3.54,3.74,3.74,-3.74,-3.58,-3.82,-0.19,-0.19,-0.20
240.64,3.49,3.49,3.70,3.70,-3.70,-3.54,-3.81,-0.21,-0.21,-0.21
243.05,3.43,3.43,3.65,3.65,-3.65,-3.49,-3.81,-0.22,-0.22,-0.22
245.48,3.37,3.37,3.60,3.60,-3.60,-3.44,-3.79,-0.23,-0.23,-0.23
247.93,3.31,3.31,3.55,3.55,-3.55,-3.39,-3.77,-0.24,-0.24,-0.24
250.41,3.25,3.24,3.50,3.50,-3.50,-3.33,-3.75,-0.25,-0.25,-0.25
252.92,3.18,3.18,3.44,3.44,-3.44,-3.28,-3.72,-0.26,-0.26,-0.27
255.45,3.11,3.11,3.38,3.38,-3.38,-3.22,-3.68,-0.28,-0.28,-0.28
258.00,3.04,3.04,3.32,3.32,-3.32,-3.17,-3.64,-0.29,-0.29,-0.29
260.58,2.97,2.97,3.26,3.26,-3.26,-3.11,-3.59,-0.30,-0.30,-0.29
263.19,2.90,2.89,3.20,3.20,-3.20,-3.05,-3.53,-0.30,-0.30,-0.30
265.82,2.82,2.82,3.13,3.13,-3.13,-2.98,-3.47,-0.32,-0.31,-0.31
268.48,2.75,2.74,3.07,3.07,-3.07,-2.92,-3.41,-0.32,-0.32,-0.32
271.16,2.67,2.67,3.00,3.00,-3.00,-2.86,-3.34,-0.33,-0.33,-0.33
273.87,2.59,2.59,2.92,2.93,-2.93,-2.79,-3.27,-0.34,-0.34,-0.34
276.61,2.51,2.51,2.85,2.85,-2.85,-2.72,-3.19,-0.35,-0.35,-0.35
279.38,2.43,2.43,2.78,2.78,-2.78,-2.65,-3.11,-0.35,-0.35,-0.35
282.17,2.35,2.35,2.71,2.70,-2.70,-2.58,-3.03,-0.35,-0.35,-0.36
284.99,2.27,2.26,2.62,2.62,-2.62,-2.51,-2.94,-0.35,-0.36,-0.36
287.84,2.18,2.18,2.53,2.54,-2.54,-2.43,-2.85,-0.36,-0.36,-0.35
290.72,2.10,2.09,2.46,2.45,-2.45,-2.36,-2.76,-0.36,-0.36,-0.36
293.63,2.01,2.01,2.37,2.37,-2.37,-2.28,-2.66,-0.36,-0.36,-0.37
296.57,1.92,1.92,2.28,2.28,-2.28,-2.20,-2.57,-0.36,-0.36,-0.36
299.53,1.84,1.83,2.19,2.19,-2.19,-2.12,-2.47,-0.36,-0.36,-0.36
302.53,1.74,1.74,2.10,2.10,-2.10,-2.04,-2.37,-0.37,-0.36,-0.36
305.55,1.65,1.65,2.01,2.01,-2.01,-1.95,-2.28,-0.36,-0.36,-0.36
308.61,1.56,1.56,1.92,1.92,-1.92,-1.87,-2.18,-0.36,-0.36,-0.36
311.69,1.47,1.46,1.83,1.82,-1.82,-1.78,-2.08,-0.36,-0.36,-0.36
314.81,1.37,1.37,1.73,1.73,-1.73,-1.69,-1.98,-0.36,-0.36,-0.36
317.96,1.27,1.27,1.62,1.63,-1.63,-1.60,-1.88,-0.36,-0.36,-0.36
321.14,1.17,1.17,1.53,1.53,-1.53,-1.50,-1.78,-0.36,-0.36,-0.36
324.35,1.07,1.07,1.42,1.42,-1.43,-1.41,-1.68,-0.36,-0.36,-0.36
327.59,0.97,0.97,1.32,1.32,-1.32,-1.31,-1.58,-0.36,-0.36,-0.35
330.87,0.87,0.87,1.22,1.22,-1.22,-1.21,-1.48,-0.35,-0.35,-0.35
334.18,0.77,0.76,1.12,1.12,-1.11,-1.11,-1.38,-0.35,-0.35,-0.35
337.52,0.66,0.66,1.01,1.01,-1.01,-1.01,-1.28,-0.35,-0.34,-0.35
340.90,0.56,0.55,0.90,0.90,-0.90,-0.91,-1.19,-0.34,-0.34,-0.35
344.30,0.45,0.45,0.79,0.79,-0.79,-0.81,-1.09,-0.34,-0.34,-0.34
347.75,0.34,0.34,0.67,0.67,-0.67,-0.70,-0.99,-0.34,-0.34,-0.33
351.23,0.23,0.23,0.56,0.56,-0.56,-0.59,-0.90,-0.34,-0.33,-0.34
354.74,0.13,0.12,0.45,0.45,-0.45,-0.48,-0.80,-0.32,-0.33,-0.32
358.28,0.02,0.02,0.34,0.34,-0.34,-0.38,-0.71,-0.32,-0.32,-0.32
361.87,-0.09,-0.09,0.22,0.23,-0.22,-0.27,-0.62,-0.32,-0.31,-0.31
365.49,-0.19,-0.20,0.11,0.11,-0.11,-0.16,-0.52,-0.30,-0.31,-0.31
369.14,-0.30,-0.30,0.01,0.00,0.00,-0.04,-0.43,-0.30,-0.30,-0.31
372.83,-0.41,-0.41,-0.12,-0.11,0.11,0.07,-0.34,-0.30,-0.30,-0.29
376.56,-0.51,-0.52,-0.22,-0.22,0.22,0.18,-0.25,-0.29,-0.29,-0.29
380.33,-0.62,-0.62,-0.34,-0.33,0.34,0.29,-0.16,-0.29,-0.29,-0.29
384.13,-0.73,-0.73,-0.44,-0.44,0.45,0.40,-0.07,-0.29,-0.28,-0.29
387.97,-0.83,-0.83,-0.55,-0.56,0.56,0.51,0.02,-0.28,-0.28,-0.28
391.85,-0.93,-0.94,-0.67,-0.66,0.66,0.61,0.11,-0.27,-0.27,-0.26
395.77,-1.03,-1.03,-0.77,-0.77,0.77,0.72,0.20,-0.26,-0.26,-0.27
399.73,-1.13,-1.13,-0.88,-0.87,0.87,0.82,0.28,-0.26,-0.26,-0.26
403.72,-1.22,-1.22,-0.97,-0.97,0.97,0.93,0.37,-0.25,-0.25,-0.25
407.76,-1.31,-1.32,-1.06,-1.07,1.07,1.02,0.45,-0.25,-0.25,-0.25
411.84,-1.40,-1.40,-1.16,-1.16,1.16,1.12,0.54,-0.25,-0.24,-0.24
415.96,-1.48,-1.48,-1.25,-1.24,1.24,1.21,0.62,-0.24,-0.24,-0.24
420.12,-1.55,-1.56,-1.32,-1.32,1.32,1.30,0.70,-0.23,-0.23,-0.24
424.32,-1.62,-1.63,-1.39,-1.40,1.40,1.38,0.78,-0.23,-0.23,-0.23
428.56,-1.69,-1.69,-1.47,-1.47,1.47,1.46,0.85,-0.22,-0.22,-0.22
432.85,-1.75,-1.75,-1.54,-1.54,1.54,1.53,0.93,-0.22,-0.22,-0.21
437.18,-1.80,-1.80,-1.59,-1.59,1.60,1.60,1.00,-0.21,-0.21,-0.21
441.55,-1.85,-1.85,-1.65,-1.65,1.65,1.66,1.07,-0.20,-0.20,-0.20
445.96,-1.89,-1.90,-1.70,-1.70,1.71,1.71,1.14,-0.19,-0.19,-0.20
450.42,-1.93,-1.93,-1.76,-1.75,1.75,1.76,1.20,-0.18,-0.18,-0.18
454.93,-1.96,-1.96,-1.80,-1.79,1.79,1.80,1.26,-0.18,-0.17,-0.17
459.48,-1.98,-1.99,-1.82,-1.82,1.82,1.83,1.32,-0.16,-0.17,-0.16
464.07,-2.00,-2.00,-1.84,-1.85,1.84,1.86,1.38,-0.16,-0.16,-0.16
468.71,-2.01,-2.01,-1.86,-1.86,1.86,1.88,1.43,-0.15,-0.15,-0.15
473.40,-2.01,-2.01,-1.87,-1.87,1.87,1.90,1.48,-0.14,-0.14,-0.14
478.13,-2.00,-2.01,-1.87,-1.87,1.87,1.91,1.52,-0.13,-0.13,-0.13
482.91,-1.99,-1.99,-1.87,-1.87,1.87,1.91,1.56,-0.12,-0.12,-0.12
487.74,-1.98,-1.98,-1.87,-1.86,1.86,1.91,1.59,-0.12,-0.12,-0.12
492.62,-1.95,-1.95,-1.85,-1.85,1.85,1.90,1.63,-0.10,-0.11,-0.11
497.55,-1.92,-1.93,-1.83,-1.83,1.83,1.88,1.65,-0.09,-0.09,-0.10
502.52,-1.89,-1.89,-1.81,-1.81,1.81,1.86,1.68,-0.08,-0.08,-0.09
507.55,-1.85,-1.85,-1.78,-1.78,1.78,1.84,1.69,-0.07,-0.07,-0.07
512.62,-1.81,-1.81,-1.75,-1.75,1.75,1.81,1.71,-0.07,-0.07,-0.06
517.75,-1.76,-1.76,-1.71,-1.71,1.71,1.78,1.72,-0.05,-0.06,-0.05
522.93,-1.71,-1.71,-1.67,-1.67,1.67,1.75,1.73,-0.05,-0.04,-0.04
528.16,-1.65,-1.65,-1.62,-1.62,1.62,1.71,1.73,-0.03,-0.03,-0.03
533.44,-1.59,-1.59,-1.57,-1.57,1.57,1.67,1.73,-0.02,-0.02,-0.02
538.77,-1.53,-1.53,-1.51,-1.52,1.52,1.63,1.72,-0.01,-0.01,-0.02
544.16,-1.47,-1.47,-1.47,-1.47,1.47,1.59,1.71,-0.00,-0.00,-0.00
549.60,-1.41,-1.41,-1.42,-1.42,1.42,1.55,1.70,0.01,0.01,0.01
555.10,-1.34,-1.35,-1.37,-1.37,1.36,1.50,1.69,0.02,0.02,0.03
560.65,-1.28,-1.28,-1.32,-1.32,1.31,1.46,1.67,0.03,0.03,0.03
566.25,-1.21,-1.22,-1.26,-1.26,1.25,1.41,1.66,0.04,0.04,0.04
571.92,-1.15,-1.15,-1.21,-1.20,1.20,1.37,1.63,0.05,0.05,0.05
577.64,-1.08,-1.09,-1.14,-1.14,1.14,1.32,1.61,0.06,0.06,0.05
583.41,-1.02,-1.02,-1.09,-1.09,1.09,1.28,1.59,0.07,0.07,0.06
589.25,-0.96,-0.96,-1.04,-1.03,1.04,1.24,1.56,0.07,0.07,0.07
595.14,-0.90,-0.90,-0.98,-0.98,0.99,1.19,1.54,0.08,0.08,0.08
601.09,-0.84,-0.84,-0.93,-0.94,0.94,1.15,1.51,0.10,0.10,0.09
607.10,-0.78,-0.79,-0.89,-0.89,0.90,1.11,1.48,0.11,0.11,0.11
613.17,-0.73,-0.73,-0.85,-0.86,0.86,1.07,1.46,0.12,0.13,0.12
619.30,-0.68,-0.68,-0.82,-0.82,0.82,1.03,1.43,0.14,0.14,0.14
625.50,-0.63,-0.64,-0.79,-0.79,0.79,0.99,1.40,0.16,0.15,0.16
631.75,-0.59,-0.59,-0.76,-0.76,0.76,0.96,1.37,0.16,0.17,0.17
638.07,-0.54,-0.55,-0.73,-0.73,0.73,0.92,1.35,0.19,0.18,0.19
644.45,-0.50,-0.51,-0.70,-0.70,0.70,0.89,1.32,0.20,0.20,0.20
650.89,-0.47,-0.47,-0.68,-0.68,0.68,0.85,1.29,0.21,0.21,0.21
657.40,-0.43,-0.44,-0.66,-0.66,0.66,0.82,1.27,0.23,0.22,0.23
663.98,-0.40,-0.40,-0.64,-0.64,0.64,0.79,1.24,0.24,0.24,0.24
670.62,-0.37,-0.37,-0.62,-0.62,0.63,0.77,1.21,0.25,0.26,0.25
677.32,-0.34,-0.35,-0.61,-0.61,0.62,0.74,1.19,0.27,0.27,0.27
684.10,-0.32,-0.32,-0.61,-0.61,0.61,0.71,1.17,0.28,0.28,0.29
690.94,-0.30,-0.30,-0.61,-0.60,0.60,0.69,1.14,0.30,0.30,0.31
697.85,-0.28,-0.28,-0.60,-0.60,0.60,0.67,1.12,0.31,0.32,0.32
704.83,-0.26,-0.26,-0.60,-0.60,0.60,0.65,1.10,0.33,0.34,0.34
711.87,-0.24,-0.25,-0.60,-0.60,0.60,0.63,1.08,0.36,0.35,0.36
718.99,-0.23,-0.23,-0.60,-0.60,0.60,0.61,1.06,0.37,0.37,0.37
726.18,-0.22,-0.22,-0.61,-0.61,0.61,0.59,1.04,0.39,0.39,0.38
733.44,-0.21,-0.22,-0.62,-0.62,0.62,0.58,1.03,0.40,0.40,0.40
740.78,-0.21,-0.21,-0.63,-0.63,0.63,0.56,1.01,0.41,0.42,0.41
748.19,-0.20,-0.21,-0.64,-0.64,0.64,0.55,0.99,0.43,0.43,0.43
755.67,-0.20,-0.20,-0.66,-0.65,0.65,0.54,0.98,0.45,0.45,0.45
763.23,-0.19,-0.20,-0.66,-0.66,0.66,0.53,0.97,0.47,0.47,0.46
770.86,-0.19,-0.19,-0.68,-0.68,0.68,0.52,0.95,0.49,0.48,0.48
778.57,-0.19,-0.19,-0.70,-0.69,0.69,0.51,0.94,0.50,0.50,0.50
786.35,-0.19,-0.19,-0.71,-0.71,0.71,0.50,0.93,0.52,0.52,0.51
794.22,-0.19,-0.19,-0.74,-0.73,0.73,0.49,0.92,0.54,0.54,0.54
802.16,-0.19,-0.19,-0.75,-0.75,0.75,0.49,0.91,0.56,0.56,0.55
810.18,-0.19,-0.20,-0.77,-0.77,0.77,0.48,0.90,0.58,0.57,0.57
818.28,-0.20,-0.20,-0.80,-0.79,0.79,0.48,0.89,0.59,0.59,0.59
826.46,-0.20,-0.20,-0.81,-0.81,0.81,0.48,0.89,0.61,0.61,0.60
834.73,-0.20,-0.20,-0.84,-0.83,0.83,0.48,0.88,0.63,0.63,0.63
843.08,-0.20,-0.20,-0.85,-0.85,0.85,0.48,0.87,0.65,0.65,0.64
851.51,-0.20,-0.20,-0.87,-0.87,0.87,0.48,0.87,0.67,0.66,0.66
860.02,-0.20,-0.20,-0.89,-0.89,0.89,0.48,0.86,0.68,0.68,0.68
868.62,-0.20,-0.20,-0.91,-0.91,0.91,0.48,0.86,0.70,0.71,0.71
877.31,-0.19,-0.20,-0.92,-0.93,0.92,0.48,0.86,0.73,0.73,0.73
886.08,-0.19,-0.19,-0.94,-0.94,0.94,0.49,0.85,0.75,0.75,0.75
894.94,-0.18,-0.19,-0.95,-0.96,0.96,0.49,0.85,0.78,0.78,0.77
903.89,-0.18,-0.18,-0.97,-0.97,0.98,0.50,0.85,0.80,0.80,0.79
912.93,-0.17,-0.17,-0.99,-1.00,1.00,0.51,0.85,0.82,0.82,0.82
922.06,-0.16,-0.16,-1.01,-1.01,1.01,0.51,0.85,0.85,0.85,0.85
931.28,-0.15,-0.15,-1.03,-1.03,1.02,0.52,0.85,0.87,0.87,0.88
940.59,-0.13,-0.14,-1.03,-1.04,1.04,0.53,0.85,0.90,0.90,0.90
950.00,-0.12,-0.12,-1.04,-1.05,1.05,0.54,0.85,0.92,0.93,0.92
959.50,-0.10,-0.10,-1.05,-1.05,1.06,0.55,0.85,0.95,0.95,0.95
969.09,-0.08,-0.08,-1.06,-1.07,1.06,0.56,0.85,0.98,0.98,0.98
978.78,-0.06,-0.06,-1.07,-1.07,1.07,0.57,0.85,1.01,1.01,1.01
988.57,-0.03,-0.03,-1.07,-1.07,1.07,0.59,0.85,1.04,1.04,1.04
998.46,-0.00,-0.01,-1.06,-1.07,1.08,0.60,0.85,1.07,1.07,1.06
1008.44,0.02,0.02,-1.08,-1.08,1.08,0.61,0.85,1.09,1.10,1.10
1018.53,0.05,0.05,-1.08,-1.08,1.08,0.63,0.85,1.12,1.13,1.13
1028.71,0.09,0.08,-1.08,-1.08,1.08,0.64,0.86,1.16,1.16,1.17
1039.00,0.12,0.12,-1.07,-1.07,1.08,0.66,0.86,1.19,1.19,1.19
1049.39,0.16,0.15,-1.06,-1.07,1.07,0.68,0.86,1.23,1.23,1.22
1059.88,0.19,0.19,-1.07,-1.07,1.07,0.69,0.86,1.26,1.26,1.26
1070.48,0.23,0.23,-1.07,-1.07,1.07,0.71,0.87,1.29,1.30,1.30
1081.19,0.27,0.27,-1.06,-1.07,1.07,0.73,0.87,1.33,1.33,1.33
1092.00,0.31,0.31,-1.06,-1.07,1.07,0.75,0.87,1.37,1.37,1.37
1102.92,0.35,0.35,-1.07,-1.07,1.07,0.77,0.88,1.41,1.41,1.42
1113.95,0.39,0.39,-1.06,-1.07,1.07,0.79,0.88,1.46,1.46,1.45
1125.09,0.43,0.43,-1.07,-1.07,1.08,0.82,0.89,1.50,1.50,1.50
1136.34,0.47,0.47,-1.07,-1.08,1.08,0.84,0.89,1.55,1.55,1.54
1147.70,0.51,0.51,-1.09,-1.09,1.09,0.86,0.90,1.59,1.59,1.60
1159.18,0.55,0.55,-1.10,-1.10,1.09,0.89,0.90,1.64,1.64,1.65
1170.77,0.60,0.59,-1.09,-1.10,1.10,0.91,0.91,1.70,1.69,1.69
1182.48,0.64,0.64,-1.10,-1.10,1.10,0.94,0.92,1.74,1.74,1.74
1194.30,0.70,0.69,-1.09,-1.10,1.10,0.96,0.93,1.80,1.79,1.79
1206.25,0.75,0.75,-1.11,-1.10,1.10,0.99,0.94,1.84,1.84,1.86
1218.31,0.81,0.81,-1.10,-1.10,1.09,1.02,0.95,1.90,1.90,1.91
1230.49,0.88,0.88,-1.08,-1.08,1.08,1.05,0.96,1.96,1.96,1.96
1242.80,0.95,0.95,-1.06,-1.07,1.07,1.07,0.97,2.02,2.02,2.01
1255.22,1.02,1.02,-1.05,-1.05,1.06,1.10,0.98,2.08,2.08,2.07
1267.78,1.09,1.09,-1.05,-1.05,1.05,1.13,0.99,2.14,2.14,2.14
1280.45,1.16,1.16,-1.04,-1.04,1.04,1.16,1.01,2.20,2.20,2.20
1293.26,1.23,1.23,-1.04,-1.04,1.04,1.19,1.02,2.27,2.27,2.27
1306.19,1.30,1.29,-1.03,-1.04,1.04,1.23,1.04,2.33,2.33,2.33
1319.25,1.36,1.36,-1.04,-1.04,1.04,1.26,1.05,2.40,2.40,2.40
1332.45,1.42,1.42,-1.04,-1.04,1.05,1.29,1.07,2.46,2.46,2.46
1345.77,1.48,1.48,-1.05,-1.05,1.05,1.32,1.09,2.53,2.53,2.53
1359.23,1.54,1.53,-1.06,-1.06,1.07,1.35,1.11,2.60,2.60,2.60
1372.82,1.59,1.59,-1.08,-1.08,1.08,1.39,1.13,2.67,2.67,2.67
1386.55,1.65,1.64,-1.09,-1.10,1.09,1.42,1.15,2.74,2.74,2.74
1400.41,1.70,1.70,-1.11,-1.11,1.11,1.45,1.17,2.80,2.80,2.81
1414.42,1.75,1.75,-1.13,-1.13,1.12,1.49,1.19,2.87,2.87,2.88
1428.56,1.80,1.80,-1.14,-1.14,1.14,1.52,1.22,2.93,2.93,2.94
1442.85,1.85,1.85,-1.15,-1.15,1.15,1.55,1.24,3.00,3.00,3.00
1457.28,1.90,1.90,-1.17,-1.17,1.17,1.59,1.27,3.07,3.07,3.07
1471.85,1.95,1.95,-1.18,-1.18,1.19,1.62,1.29,3.13,3.13,3.13
1486.57,2.00,2.00,-1.20,-1.20,1.21,1.65,1.32,3.20,3.20,3.20
1501.43,2.05,2.05,-1.22,-1.22,1.22,1.68,1.35,3.27,3.27,3.27
1516.45,2.10,2.10,-1.24,-1.25,1.24,1.71,1.38,3.34,3.34,3.34
1531.61,2.15,2.15,-1.27,-1.27,1.27,1.74,1.41,3.41,3.41,3.42
1546.93,2.20,2.20,-1.30,-1.30,1.29,1.77,1.44,3.49,3.49,3.50
1562.40,2.26,2.25,-1.32,-1.32,1.32,1.80,1.47,3.57,3.57,3.58
1578.02,2.31,2.31,-1.34,-1.34,1.34,1.83,1.50,3.65,3.65,3.65
1593.80,2.36,2.36,-1.36,-1.36,1.37,1.86,1.53,3.73,3.73,3.72
1609.74,2.41,2.41,-1.40,-1.40,1.40,1.88,1.57,3.81,3.81,3.81
1625.84,2.46,2.45,-1.43,-1.44,1.44,1.90,1.60,3.89,3.89,3.89
1642.10,2.50,2.50,-1.49,-1.48,1.48,1.93,1.63,3.97,3.98,3.99
1658.52,2.55,2.54,-1.52,-1.52,1.52,1.95,1.66,4.07,4.07,4.07
1675.10,2.59,2.58,-1.57,-1.57,1.58,1.96,1.70,4.16,4.16,4.16
1691.85,2.62,2.62,-1.62,-1.63,1.64,1.98,1.73,4.25,4.26,4.24
1708.77,2.65,2.65,-1.69,-1.69,1.70,2.00,1.76,4.35,4.35,4.34
1725.86,2.68,2.67,-1.77,-1.77,1.77,2.01,1.79,4.45,4.45,4.45
1743.12,2.70,2.70,-1.84,-1.85,1.85,2.02,1.82,4.54,4.54,4.54
1760.55,2.72,2.72,-1.93,-1.93,1.92,2.03,1.85,4.64,4.64,4.65
1778.15,2.74,2.74,-2.01,-2.01,2.00,2.03,1.88,4.74,4.74,4.75
1795.94,2.77,2.77,-2.07,-2.08,2.08,2.04,1.91,4.84,4.84,4.84
1813.90,2.81,2.81,-2.15,-2.15,2.14,2.04,1.93,4.95,4.95,4.96
1832.03,2.86,2.85,-2.20,-2.21,2.20,2.04,1.96,5.06,5.06,5.06
1850.36,2.91,2.91,-2.27,-2.26,2.26,2.04,1.98,5.16,5.17,5.18
1868.86,2.98,2.98,-2.31,-2.31,2.30,2.03,2.00,5.28,5.28,5.29
1887.55,3.07,3.06,-2.33,-2.34,2.34,2.03,2.01,5.40,5.40,5.40
1906.42,3.16,3.15,-2.36,-2.36,2.36,2.02,2.03,5.52,5.52,5.52
1925.49,3.25,3.25,-2.38,-2.38,2.38,2.01,2.04,5.63,5.64,5.63
1944.74,3.36,3.36,-2.39,-2.39,2.40,2.00,2.05,5.75,5.75,5.75
1964.19,3.47,3.47,-2.40,-2.40,2.40,1.98,2.05,5.87,5.87,5.87
1983.83,3.59,3.59,-2.40,-2.40,2.39,1.97,2.06,5.98,5.98,5.99
2003.67,3.71,3.71,-2.39,-2.39,2.38,1.95,2.05,6.09,6.09,6.10
2023.71,3.84,3.84,-2.37,-2.37,2.36,1.93,2.05,6.20,6.20,6.21
2043.94,3.97,3.96,-2.34,-2.34,2.34,1.91,2.04,6.31,6.31,6.31
2064.38,4.10,4.10,-2.30,-2.31,2.31,1.88,2.03,6.41,6.41,6.40
2085.03,4.23,4.23,-2.27,-2.27,2.28,1.86,2.02,6.50,6.51,6.50
2105.88,4.37,4.37,-2.24,-2.24,2.24,1.84,2.00,6.61,6.61,6.61
2126.94,4.51,4.51,-2.20,-2.20,2.20,1.81,1.98,6.71,6.71,6.71
2148.20,4.65,4.65,-2.16,-2.16,2.16,1.78,1.96,6.81,6.81,6.81
2169.69,4.79,4.79,-2.12,-2.12,2.12,1.76,1.94,6.91,6.91,6.91
2191.38,4.93,4.93,-2.08,-2.08,2.08,1.73,1.91,7.01,7.01,7.01
2213.30,5.08,5.08,-2.04,-2.04,2.04,1.70,1.88,7.11,7.11,7.12
2235.43,5.23,5.22,-1.99,-1.99,1.99,1.67,1.85,7.22,7.21,7.22
2257.78,5.37,5.37,-1.94,-1.94,1.94,1.64,1.82,7.31,7.31,7.31
2280.36,5.52,5.52,-1.89,-1.89,1.89,1.61,1.78,7.41,7.41,7.41
2303.17,5.67,5.67,-1.83,-1.84,1.84,1.58,1.75,7.51,7.51,7.50
2326.20,5.82,5.81,-1.78,-1.79,1.79,1.55,1.71,7.60,7.60,7.60
2349.46,5.96,5.96,-1.75,-1.74,1.73,1.52,1.68,7.69,7.69,7.71
2372.95,6.11,6.11,-1.68,-1.68,1.67,1.49,1.64,7.78,7.78,7.79
2396.68,6.26,6.25,-1.60,-1.61,1.61,1.46,1.60,7.87,7.86,7.86
2420.65,6.40,6.40,-1.54,-1.54,1.55,1.43,1.56,7.94,7.94,7.94
2444.86,6.54,6.54,-1.47,-1.47,1.48,1.40,1.52,8.01,8.02,8.01
2469.31,6.68,6.68,-1.40,-1.41,1.41,1.38,1.48,8.08,8.08,8.08
2494.00,6.83,6.82,-1.34,-1.33,1.33,1.35,1.44,8.16,8.15,8.17
2518.94,6.97,6.97,-1.26,-1.26,1.25,1.32,1.41,8.22,8.22,8.23
2544.13,7.12,7.11,-1.16,-1.17,1.16,1.29,1.37,8.28,8.28,8.28
2569.57,7.26,7.26,-1.08,-1.08,1.08,1.27,1.33,8.33,8.34,8.34
2595.27,7.42,7.41,-0.98,-0.99,0.98,1.24,1.29,8.40,8.40,8.40
2621.22,7.57,7.57,-0.90,-0.90,0.89,1.22,1.25,8.45,8.45,8.47
2647.43,7.72,7.72,-0.80,-0.79,0.79,1.19,1.22,8.51,8.51,8.52
2673.90,7.87,7.87,-0.69,-0.69,0.69,1.17,1.18,8.56,8.56,8.56
2700.64,8.01,8.01,-0.59,-0.60,0.60,1.15,1.15,8.61,8.61,8.60
2727.65,8.14,8.13,-0.51,-0.51,0.52,1.12,1.11,8.66,8.66,8.65
2754.93,8.25,8.25,-0.44,-0.44,0.45,1.10,1.08,8.69,8.70,8.69
2782.48,8.35,8.35,-0.38,-0.38,0.38,1.08,1.04,8.73,8.73,8.73
2810.30,8.43,8.43,-0.34,-0.33,0.33,1.06,1.01,8.76,8.76,8.77
2838.40,8.49,8.49,-0.29,-0.29,0.29,1.04,0.98,8.78,8.78,8.78
2866.79,8.54,8.53,-0.26,-0.27,0.27,1.03,0.95,8.81,8.80,8.80
2895.46,8.57,8.57,-0.25,-0.25,0.26,1.01,0.92,8.82,8.82,8.82
2924.41,8.58,8.58,-0.26,-0.25,0.26,0.99,0.89,8.84,8.84,8.84
2953.65,8.59,8.58,-0.26,-0.27,0.27,0.98,0.86,8.86,8.85,8.85
2983.19,8.57,8.57,-0.30,-0.30,0.30,0.97,0.83,8.87,8.87,8.87
3013.02,8.55,8.55,-0.34,-0.33,0.34,0.96,0.81,8.88,8.88,8.89
3043.15,8.52,8.51,-0.37,-0.38,0.38,0.95,0.78,8.90,8.90,8.89
3073.58,8.47,8.47,-0.43,-0.43,0.44,0.94,0.76,8.90,8.91,8.90
3104.32,8.42,8.42,-0.50,-0.50,0.50,0.93,0.73,8.91,8.91,8.92
3135.36,8.36,8.35,-0.57,-0.57,0.56,0.93,0.71,8.91,8.91,8.93
3166.72,8.29,8.29,-0.64,-0.63,0.62,0.93,0.68,8.91,8.91,8.93
3198.38,8.22,8.22,-0.69,-0.69,0.69,0.93,0.66,8.91,8.91,8.91
3230.37,8.15,8.14,-0.75,-0.75,0.76,0.93,0.64,8.90,8.90,8.90
3262.67,8.07,8.07,-0.81,-0.82,0.82,0.94,0.62,8.89,8.89,8.88
3295.30,7.99,7.99,-0.89,-0.89,0.89,0.95,0.60,8.87,8.87,8.88
3328.25,7.91,7.91,-0.96,-0.96,0.95,0.96,0.58,8.86,8.86,8.87
3361.53,7.83,7.83,-1.02,-1.02,1.02,0.98,0.56,8.84,8.84,8.85
3395.15,7.75,7.74,-1.08,-1.08,1.08,1.00,0.54,8.83,8.83,8.83
3429.10,7.66,7.66,-1.15,-1.15,1.15,1.03,0.53,8.81,8.81,8.81
3463.39,7.57,7.57,-1.21,-1.21,1.22,1.06,0.51,8.79,8.79,8.78
3498.03,7.48,7.47,-1.28,-1.29,1.29,1.11,0.50,8.77,8.77,8.76
3533.01,7.38,7.38,-1.36,-1.36,1.36,1.16,0.48,8.74,8.74,8.74
3568.34,7.28,7.28,-1.43,-1.43,1.43,1.21,0.47,8.71,8.71,8.71
3604.02,7.18,7.18,-1.49,-1.50,1.50,1.27,0.45,8.68,8.68,8.67
3640.06,7.08,7.08,-1.56,-1.56,1.56,1.34,0.44,8.64,8.64,8.64
3676.46,6.99,6.99,-1.61,-1.62,1.61,1.41,0.43,8.60,8.60,8.60
3713.22,6.91,6.91,-1.66,-1.66,1.65,1.48,0.42,8.56,8.56,8.57
3750.36,6.85,6.85,-1.69,-1.68,1.67,1.53,0.41,8.52,8.52,8.54
3787.86,6.82,6.81,-1.68,-1.69,1.68,1.58,0.41,8.50,8.49,8.50
3825.74,6.79,6.79,-1.68,-1.67,1.67,1.59,0.40,8.46,8.46,8.47
3864.00,6.79,6.79,-1.64,-1.64,1.64,1.58,0.39,8.43,8.43,8.43
3902.64,6.81,6.80,-1.58,-1.59,1.59,1.54,0.39,8.40,8.39,8.39
3941.66,6.84,6.84,-1.51,-1.52,1.52,1.46,0.39,8.36,8.36,8.35
3981.08,6.89,6.89,-1.44,-1.43,1.43,1.36,0.39,8.32,8.32,8.33
4020.89,6.96,6.95,-1.33,-1.33,1.33,1.23,0.38,8.28,8.28,8.29
4061.10,7.04,7.04,-1.21,-1.21,1.20,1.10,0.38,8.24,8.24,8.25
4101.71,7.14,7.14,-1.06,-1.06,1.06,0.95,0.39,8.20,8.20,8.20
4142.73,7.26,7.25,-0.91,-0.91,0.91,0.79,0.39,8.17,8.16,8.17
4184.15,7.39,7.39,-0.73,-0.73,0.74,0.63,0.39,8.12,8.13,8.12
4226.00,7.54,7.54,-0.55,-0.55,0.55,0.47,0.40,8.09,8.09,8.09
4268.26,7.70,7.70,-0.35,-0.35,0.35,0.30,0.40,8.05,8.04,8.05
4310.94,7.87,7.87,-0.14,-0.14,0.13,0.12,0.41,8.00,8.00,8.01
4354.05,8.06,8.06,0.09,0.09,-0.10,-0.06,0.42,7.96,7.96,7.97
4397.59,8.26,8.26,0.33,0.33,-0.34,-0.27,0.43,7.91,7.91,7.93
4441.56,8.47,8.47,0.58,0.58,-0.60,-0.48,0.44,7.87,7.87,7.89
4485.98,8.69,8.69,0.84,0.84,-0.86,-0.72,0.45,7.83,7.83,7.85
4530.84,8.91,8.91,1.11,1.11,-1.12,-0.97,0.46,7.79,7.79,7.80
4576.15,9.13,9.13,1.36,1.37,-1.37,-1.25,0.47,7.75,7.76,7.77
4621.91,9.34,9.33,1.62,1.61,-1.62,-1.54,0.49,7.72,7.72,7.72
4668.13,9.52,9.52,1.84,1.84,-1.84,-1.81,0.50,7.68,7.68,7.68
4714.81,9.67,9.67,2.03,2.04,-2.03,-2.08,0.52,7.64,7.64,7.64
4761.96,9.79,9.79,2.20,2.19,-2.18,-2.25,0.53,7.60,7.60,7.59
4809.58,9.86,9.85,2.30,2.30,-2.29,-2.38,0.55,7.57,7.56,7.56
4857.67,9.87,9.86,2.36,2.35,-2.34,-2.35,0.57,7.53,7.53,7.51
4906.25,9.81,9.81,2.34,2.35,-2.32,-2.25,0.59,7.49,7.49,7.47
4955.31,9.70,9.69,2.28,2.27,-2.24,-2.04,0.61,7.46,7.45,7.42
5004.87,9.52,9.51,2.14,2.13,-2.09,-1.77,0.63,7.42,7.41,7.38
5054.91,9.26,9.26,1.90,1.91,-1.87,-1.47,0.65,7.39,7.39,7.36
5105.46,8.95,8.95,1.63,1.63,-1.58,-1.16,0.67,7.37,7.37,7.32
5156.52,8.59,8.58,1.30,1.29,-1.24,-0.86,0.69,7.34,7.34,7.29
5208.08,8.17,8.17,0.91,0.91,-0.88,-0.57,0.72,7.29,7.29,7.26
5260.16,7.72,7.72,0.49,0.49,-0.50,-0.32,0.74,7.22,7.22,7.23
5312.77,7.25,7.24,0.05,0.05,-0.12,-0.07,0.77,7.12,7.12,7.20
5365.89,6.76,6.76,-0.39,-0.40,0.24,0.15,0.79,7.00,7.00,7.15
5419.55,6.26,6.26,-0.85,-0.85,0.58,0.36,0.82,6.84,6.84,7.11
5473.75,5.76,5.76,-1.32,-1.32,0.90,0.55,0.85,6.66,6.66,7.08
5528.49,5.27,5.26,-1.77,-1.77,1.20,0.75,0.88,6.46,6.46,7.04
5583.77,4.78,4.78,-2.23,-2.23,1.47,0.94,0.91,6.24,6.24,7.01
5639.61,4.31,4.31,-2.66,-2.66,1.72,1.13,0.94,6.02,6.03,6.97
5696.00,3.85,3.85,-3.10,-3.09,1.96,1.32,0.97,5.81,5.82,6.95
5752.96,3.42,3.42,-3.50,-3.49,2.21,1.52,1.00,5.62,5.63,6.92
5810.49,3.00,3.01,-3.89,-3.87,2.46,1.74,1.03,5.46,5.48,6.89
5868.60,2.61,2.63,-4.25,-4.23,2.72,1.96,1.07,5.33,5.35,6.86
5927.28,2.24,2.26,-4.59,-4.57,2.98,2.20,1.10,5.22,5.25,6.83
5986.56,1.88,1.93,-4.92,-4.86,3.24,2.45,1.14,5.12,5.17,6.80
6046.42,1.56,1.62,-5.19,-5.12,3.54,2.72,1.18,5.10,5.16,6.75
6106.89,1.25,1.34,-5.43,-5.34,3.84,3.00,1.22,5.09,5.18,6.68
6167.96,0.97,1.10,-5.66,-5.52,4.11,3.28,1.26,5.08,5.21,6.63
6229.64,0.71,0.89,-5.86,-5.66,4.35,3.56,1.30,5.05,5.24,6.57
6291.93,0.48,0.73,-6.03,-5.77,4.52,3.80,1.34,5.00,5.25,6.51
6354.85,0.27,0.61,-6.18,-5.82,4.62,4.04,1.39,4.89,5.24,6.45
6418.40,0.08,0.54,-6.31,-5.82,4.65,4.17,1.43,4.73,5.20,6.39
6482.58,-0.08,0.53,-6.40,-5.76,4.60,4.29,1.48,4.52,5.14,6.32
6547.41,-0.21,0.58,-6.47,-5.64,4.48,4.27,1.52,4.27,5.06,6.26
6612.88,-0.32,0.70,-6.52,-5.44,4.29,4.23,1.57,3.96,4.99,6.20
6679.01,-0.40,0.88,-6.54,-5.18,4.04,4.06,1.62,3.64,4.92,6.14
6745.80,-0.44,1.12,-6.50,-4.84,3.76,3.87,1.67,3.31,4.87,6.06
6813.26,-0.46,1.41,-6.43,-4.44,3.46,3.61,1.71,2.99,4.86,5.97
6881.39,-0.45,1.73,-6.33,-4.00,3.16,3.35,1.76,2.71,4.90,5.88
6950.21,-0.39,2.07,-6.19,-3.55,2.90,3.08,1.81,2.51,4.97,5.80
7019.71,-0.30,2.40,-6.01,-3.09,2.63,2.80,1.86,2.33,5.04,5.71
7089.91,-0.17,2.72,-5.79,-2.66,2.37,2.54,1.90,2.19,5.08,5.62
7160.81,0.01,2.98,-5.50,-2.26,2.11,2.28,1.95,2.11,5.09,5.51
7232.41,0.23,3.20,-5.16,-1.91,1.86,2.04,1.99,2.08,5.06,5.39
7304.74,0.50,3.37,-4.77,-1.62,1.62,1.81,2.04,2.12,4.99,5.27
7377.79,0.85,3.48,-4.30,-1.38,1.41,1.59,2.08,2.26,4.89,5.15
7451.56,1.26,3.54,-3.76,-1.19,1.23,1.38,2.12,2.49,4.77,5.02
7526.08,1.73,3.55,-3.17,-1.05,1.08,1.19,2.15,2.81,4.63,4.90
7601.34,2.29,3.52,-2.49,-0.95,0.97,1.01,2.19,3.26,4.49,4.78
7677.35,2.95,3.45,-1.72,-0.89,0.90,0.89,2.21,3.84,4.35,4.67
7754.13,3.66,3.35,-0.89,-0.86,0.85,0.77,2.24,4.51,4.21,4.55
7831.67,4.50,3.23,0.07,-0.85,0.84,0.75,2.26,5.34,4.07,4.43
7909.98,5.36,3.09,1.05,-0.86,0.86,0.73,2.28,6.21,3.94,4.31
7989.08,6.26,2.92,2.07,-0.90,0.89,0.80,2.29,7.15,3.81,4.19
8068.98,7.11,2.74,3.06,-0.94,0.94,0.88,2.30,8.05,3.68,4.05
8149.67,7.86,2.54,3.96,-1.01,1.00,1.00,2.30,8.86,3.54,3.90
8231.16,8.47,2.33,4.72,-1.08,1.08,1.13,2.30,9.55,3.41,3.75
8313.47,8.78,2.10,5.18,-1.17,1.17,1.26,2.30,9.95,3.27,3.60
8396.61,8.90,1.86,5.45,-1.27,1.28,1.39,2.29,10.17,3.14,3.45
8480.57,8.66,1.61,5.36,-1.39,1.39,1.51,2.28,10.05,3.00,3.30
8565.38,8.10,1.35,4.97,-1.51,1.51,1.64,2.26,9.61,2.86,3.13
8651.03,7.33,1.08,4.37,-1.64,1.65,1.76,2.24,8.97,2.72,2.96
8737.54,6.37,0.80,3.58,-1.78,1.78,1.87,2.22,8.15,2.58,2.79
8824.92,5.28,0.51,2.66,-1.92,1.92,1.99,2.19,7.20,2.43,2.62
8913.17,4.15,0.23,1.71,-2.06,2.06,2.10,2.17,6.21,2.29,2.44
9002.30,3.01,-0.05,0.74,-2.20,2.19,2.21,2.14,5.20,2.14,2.27
9092.32,1.94,-0.33,-0.14,-2.33,2.32,2.32,2.11,4.26,2.00,2.08
9183.25,0.96,-0.59,-0.93,-2.45,2.44,2.43,2.08,3.40,1.85,1.89
9275.08,0.07,-0.84,-1.62,-2.56,2.55,2.54,2.05,2.62,1.71,1.69
9367.83,-0.71,-1.08,-2.20,-2.65,2.65,2.64,2.01,1.94,1.57,1.49
9461.51,-1.34,-1.31,-2.64,-2.74,2.73,2.74,1.98,1.39,1.42,1.30
9556.12,-1.87,-1.53,-2.97,-2.81,2.81,2.83,1.95,0.93,1.28,1.10
9651.68,-2.30,-1.73,-3.19,-2.87,2.86,2.91,1.93,0.56,1.13,0.89
9748.20,-2.65,-1.92,-3.33,-2.91,2.91,2.98,1.90,0.26,0.99,0.68
9845.68,-2.92,-2.11,-3.39,-2.95,2.95,3.05,1.87,0.03,0.84,0.47
9944.14,-3.11,-2.29,-3.38,-2.98,2.98,3.09,1.85,-0.14,0.69,0.27
10043.58,-3.20,-2.46,-3.26,-3.00,3.00,3.13,1.83,-0.20,0.54,0.06
10144.02,-3.20,-2.64,-3.07,-3.01,3.01,3.14,1.81,-0.19,0.37,-0.13
10245.46,-3.02,-2.82,-2.70,-3.02,3.02,3.16,1.79,0.00,0.20,-0.32
10347.91,-2.73,-3.01,-2.23,-3.02,3.03,3.15,1.78,0.30,0.02,-0.50
10451.39,-2.31,-3.20,-1.62,-3.03,3.03,3.14,1.77,0.72,-0.17,-0.69
10555.91,-1.73,-3.39,-0.85,-3.04,3.04,3.11,1.76,1.31,-0.35,-0.88
10661.46,-1.04,-3.58,0.03,-3.04,3.04,3.09,1.75,2.00,-0.54,-1.07
10768.08,-0.28,-3.78,0.99,-3.05,3.05,3.06,1.75,2.76,-0.73,-1.27
10875.76,0.54,-3.98,2.01,-3.05,3.05,3.02,1.75,3.59,-0.93,-1.47
10984.52,1.29,-4.17,2.95,-3.05,3.05,2.99,1.76,4.34,-1.12,-1.66
11094.36,1.95,-4.37,3.81,-3.06,3.06,2.96,1.76,5.00,-1.32,-1.86
11205.31,2.40,-4.57,4.46,-3.06,3.06,2.93,1.78,5.46,-1.51,-2.06
11317.36,2.43,-4.78,4.70,-3.06,3.06,2.90,1.79,5.49,-1.71,-2.27
11430.53,2.24,-4.98,4.72,-3.07,3.07,2.88,1.81,5.30,-1.92,-2.48
11544.84,1.57,-5.19,4.26,-3.07,3.07,2.86,1.83,4.63,-2.12,-2.69
11660.29,0.59,-5.40,3.49,-3.07,3.07,2.84,1.86,3.65,-2.33,-2.90
11776.89,-0.56,-5.61,2.55,-3.07,3.07,2.82,1.89,2.51,-2.54,-3.11
11894.66,-2.04,-5.82,1.25,-3.07,3.07,2.81,1.93,1.03,-2.75,-3.29
12013.60,-3.55,-6.03,-0.07,-3.07,3.07,2.81,1.98,-0.48,-2.96,-3.48
12133.74,-5.09,-6.25,-1.43,-3.07,3.07,2.80,2.03,-2.02,-3.18,-3.66
12255.08,-6.59,-6.47,-2.74,-3.07,3.07,2.80,2.08,-3.53,-3.40,-3.85
12377.63,-8.04,-6.69,-4.01,-3.07,3.07,2.80,2.14,-4.98,-3.62,-4.03
12501.41,-9.37,-6.91,-5.16,-3.06,3.06,2.80,2.21,-6.31,-3.84,-4.21
12626.42,-10.54,-7.13,-6.14,-3.06,3.06,2.80,2.28,-7.48,-4.07,-4.40
12752.68,-11.59,-7.35,-7.01,-3.06,3.06,2.80,2.36,-8.53,-4.29,-4.58
12880.21,-12.49,-7.58,-7.72,-3.06,3.06,2.81,2.46,-9.44,-4.52,-4.77
13009.01,-13.31,-7.81,-8.35,-3.05,3.05,2.81,2.55,-10.26,-4.75,-4.96
13139.10,-14.14,-8.04,-8.99,-3.05,3.05,2.82,2.67,-11.09,-4.99,-5.15
13270.49,-14.79,-8.27,-9.46,-3.05,3.05,2.83,2.78,-11.75,-5.22,-5.33
13403.20,-15.40,-8.50,-9.90,-3.04,3.04,2.83,2.92,-12.36,-5.46,-5.50
13537.23,-15.89,-8.74,-10.21,-3.04,3.04,2.84,3.06,-12.86,-5.70,-5.68
13672.60,-16.33,-8.97,-10.47,-3.03,3.03,2.85,3.22,-13.30,-5.94,-5.86
13809.33,-16.72,-9.21,-10.69,-3.02,3.02,2.86,3.39,-13.70,-6.19,-6.03
13947.42,-17.05,-9.45,-10.85,-3.02,3.02,2.86,3.58,-14.04,-6.43,-6.20
14086.90,-17.34,-9.69,-10.96,-3.01,3.01,2.87,3.78,-14.33,-6.68,-6.38
14227.77,-17.60,-9.94,-11.06,-3.00,3.00,2.88,4.00,-14.60,-6.93,-6.54
14370.04,-17.84,-10.18,-11.14,-3.00,3.00,2.89,4.24,-14.85,-7.19,-6.70
14513.74,-18.04,-10.43,-11.17,-2.99,2.99,2.90,4.50,-15.06,-7.44,-6.87
14658.88,-18.20,-10.68,-11.17,-2.98,2.98,2.90,4.77,-15.22,-7.70,-7.03
14805.47,-18.34,-10.93,-11.14,-2.97,2.97,2.91,5.06,-15.37,-7.96,-7.20
14953.52,-18.44,-11.18,-11.08,-2.96,2.96,2.92,5.35,-15.48,-8.22,-7.36
15103.06,-18.49,-11.44,-10.93,-2.95,2.95,2.92,5.65,-15.54,-8.49,-7.56
15254.09,-18.53,-11.69,-10.75,-2.94,2.94,2.93,5.95,-15.59,-8.75,-7.78
15406.63,-18.48,-11.95,-10.48,-2.93,2.93,2.93,6.22,-15.55,-9.02,-8.00
15560.70,-18.40,-12.21,-10.18,-2.92,2.92,2.94,6.47,-15.48,-9.29,-8.22
15716.30,-18.26,-12.47,-9.82,-2.91,2.91,2.94,6.65,-15.36,-9.56,-8.44
15873.47,-18.01,-12.74,-9.35,-2.90,2.90,2.95,6.77,-15.12,-9.84,-8.66
16032.20,-17.70,-13.00,-8.81,-2.88,2.88,2.95,6.77,-14.82,-10.12,-8.89
16192.52,-17.25,-13.27,-8.04,-2.87,2.87,2.95,6.71,-14.38,-10.40,-9.21
16354.45,-16.65,-13.53,-7.14,-2.86,2.86,2.95,6.50,-13.80,-10.68,-9.51
16517.99,-15.95,-13.81,-6.13,-2.84,2.84,2.96,6.24,-13.11,-10.96,-9.82
16683.17,-15.06,-14.08,-4.92,-2.83,2.83,2.96,5.87,-12.23,-11.25,-10.14
16850.01,-14.07,-14.35,-3.63,-2.81,2.81,2.96,5.47,-11.26,-11.54,-10.44
17018.51,-13.02,-14.63,-2.25,-2.80,2.80,2.96,5.01,-10.22,-11.83,-10.77
17188.69,-11.96,-14.90,-0.78,-2.78,2.78,2.96,4.56,-9.18,-12.12,-11.18
17360.58,-11.04,-15.18,0.57,-2.77,2.77,2.97,4.10,-8.28,-12.41,-11.61
17534.18,-10.26,-15.46,1.78,-2.75,2.75,2.97,3.67,-7.51,-12.71,-12.04
17709.53,-9.78,-15.75,2.67,-2.73,2.73,2.97,3.25,-7.05,-13.01,-12.45
17886.62,-9.66,-16.03,3.22,-2.72,2.72,2.97,2.87,-6.95,-13.31,-12.88
18065.49,-9.79,-16.32,3.56,-2.70,2.70,2.97,2.52,-7.09,-13.62,-13.35
18246.14,-10.18,-16.60,3.70,-2.68,2.68,2.97,2.19,-7.50,-13.92,-13.88
18428.60,-10.84,-16.89,3.59,-2.66,2.66,2.97,1.90,-8.18,-14.23,-14.43
18612.89,-11.56,-17.18,3.41,-2.64,2.64,2.97,1.64,-8.92,-14.54,-14.97
18799.02,-12.32,-17.48,3.20,-2.63,2.63,2.97,1.41,-9.70,-14.85,-15.52
18987.01,-13.09,-17.77,2.96,-2.61,2.61,2.97,1.20,-10.49,-15.17,-16.05
19176.88,-13.86,-18.07,2.82,-2.59,2.59,2.96,1.02,-11.28,-15.48,-16.68
19368.65,-14.67,-18.37,2.65,-2.56,2.56,2.96,0.85,-12.11,-15.80,-17.32
19562.33,-15.50,-18.67,2.45,-2.54,2.54,2.96,0.71,-12.96,-16.12,-17.95
19757.96,-16.35,-18.97,2.22,-2.52,2.52,2.96,0.57,-13.83,-16.45,-18.57
19955.54,-17.19,-19.27,2.02,-2.50,2.50,2.96,0.43,-14.69,-16.77,-19.21
