frequency,raw
10.0,-22.50240847784201
10.052397683113586,-22.399955535793687
10.10506991794674,-22.338413032054653
10.158018143086858,-22.275455758114717
10.21124380465921,-22.220987105380168
10.26474835636642,-22.080924855491332
10.318533259528179,-21.887042389210016
10.372599983121153,-21.87861271676301
10.42695000381911,-21.92919075144509
10.481584806033242,-22.050578034682083
10.536505881952712,-21.828034682080926
10.59171473158541,-21.777456647398843
10.647212862798922,-21.81636282792352
10.703001791361704,-21.761894175188978
10.759083040984494,-21.787572254335267
10.81545814336192,-21.726878612716767
10.872128638214331,-21.726878612716767
10.92909607332986,-21.56594850236469
10.986362004606688,-21.505113383726105
11.04392799609554,-21.372832369942202
11.101795620042408,-21.32225433526012
11.159966456931485,-21.221098265895954
11.218442095528339,-21.221098265895954
11.2772241329233,-21.119942196531795
11.336314174575078,-21.069364161849713
11.395713834354622,-20.968208092485554
11.455424734589183,-20.91763005780347
11.515448506106637,-20.816473988439306
11.575786788280015,-20.816473988439306
11.636441229072286,-20.715317919075147
11.697413485081364,-20.664739884393065
11.758705221585352,-20.61416184971098
11.820318112588021,-20.563583815028906
11.882253840864538,-20.46242774566474
11.944514098007417,-20.46242774566474
12.007100584472731,-20.411849710982658
12.070015009626546,-20.411849710982658
12.13325909179161,-20.3106936416185
12.196834558294283,-20.260115606936417
12.260743145511716,-20.158959537572258
12.324986598919274,-20.108381502890175
12.38956667313821,-20.007225433526017
12.454485131983583,-20.007225433526017
12.519743748512436,-19.90606936416185
12.585344305072221,-19.85549132947977
12.651288593349475,-19.832147621164964
12.71757841441876,-19.791119285338944
12.78421557879185,-19.78468208092486
12.85120190646718,-19.78468208092486
12.918539226979558,-19.63478717813978
12.986229379450128,-19.57536682970209
13.054274212636605,-19.45086705202312
13.122675584983762,-19.400289017341045
13.191435364674199,-19.29913294797688
13.260555429679354,-19.29913294797688
13.330037667810801,-19.19797687861272
13.399883976771811,-19.147398843930638
13.47009626420918,-19.046242774566473
13.540676447765334,-18.995664739884397
13.611626455130693,-18.89450867052023
13.682948224096336,-18.89450867052023
13.754643702606915,-18.871518654755647
13.826714848813861,-18.886078998073224
13.899163631128866,-18.784922928709058
13.971992028277642,-18.715186547556492
14.045202029353964,-18.59104046242775
14.118795633874003,-18.59104046242775
14.192774851830922,-18.489884393063583
14.267141703749791,-18.439306358381508
14.341898220742761,-18.338150289017342
14.417046444564539,-18.236994219653184
14.492588427668153,-18.13583815028902
14.568526233261009,-18.085260115606935
14.644861935361245,-17.984104046242777
14.721597618854371,-17.984104046242777
14.798735379550216,-17.933526011560694
14.876277324240164,-17.933526011560694
14.954225570754698,-17.832369942196536
15.032582248021246,-17.8507619548082
15.111349496122319,-17.79346376167186
15.190529466353965,-17.73899510893731
15.270124321284525,-17.630057803468212
15.350136234813696,-17.50361271676301
15.430567392231909,-17.402456647398843
15.511419990280007,-17.409353652128218
15.59269623720925,-17.377167630057805
15.674398352841617,-17.377167630057805
15.756528568630447,-17.276011560693647
15.839089127721373,-17.225433526011564
15.922082285013591,-17.1242774566474
16.00551030722145,-17.073699421965323
16.08937547293635,-16.972543352601157
16.17368007268899,-16.972543352601157
16.258426409011918,-16.940357330530745
16.343616796502413,-16.94725433526012
16.429253561885712,-16.846098265895954
16.515339044078555,-16.72743441529569
16.60187559425306,-16.618497109826592
16.68886557590094,-16.56791907514451
16.77631136489807,-16.46676300578035
16.86421534956935,-16.46676300578035
16.95257993075395,-16.365606936416185
17.041407521870887,-16.315028901734102
17.130700548984933,-16.213872832369944
17.220461450872875,-16.16329479768786
17.31069267909013,-16.062138728323703
17.401396698037694,-16.062138728323703
17.49257598502945,-15.960982658959537
17.58423303035984,-15.910404624277461
17.676370337371864,-15.863717207647845
17.768990422525462,-15.818444561219124
17.862095815466244,-15.778901734104046
17.955689059094574,-15.778901734104046
18.049772709635025,-15.662112454019969
18.144349336706195,-15.606936416184972
18.239421523390888,-15.505780346820814
18.334991866306662,-15.45520231213873
18.431062975676753,-15.354046242774565
18.527637475401356,-15.354046242774565
18.624718003129303,-15.252890173410407
18.72230721033009,-15.202312138728324
18.820407762366298,-15.101156069364166
18.91902233856639,-15.050578034682083
19.018153632297892,-14.949421965317924
19.117804351040956,-14.949421965317924
19.21797721646229,-14.848265895953759
19.31867496448952,-14.797687861271676
19.419900345385887,-14.7471098265896
19.52165612382538,-14.696531791907518
19.623945078968237,-14.645953757225435
19.726770004536856,-14.645953757225435
19.830133708892088,-14.544797687861276
19.934039015109942,-14.494219653179194
20.038488761058698,-14.393063583815028
20.14348579947641,-14.29190751445087
20.249032998048804,-14.190751445086704
20.355133239487632,-14.140173410404628
20.461789421609378,-14.039017341040463
20.56900445741442,-14.039017341040463
20.676781275166572,-13.937861271676304
20.78512281847308,-13.887283236994222
20.894032046365012,-13.786127167630056
21.003511933378064,-13.73554913294798
21.11356546963382,-13.634393063583815
21.2241956609214,-13.634393063583815
21.335405528779567,-13.533236994219656
21.44719811057925,-13.482658959537574
21.559576459606493,-13.381502890173415
21.67254364514585,-13.330924855491332
21.786102752564222,-13.229768786127167
21.90025688339511,-13.229768786127167
22.015009155423336,-13.179190751445091
22.130362702770192,-13.179190751445091
22.24632067597904,-13.078034682080926
22.362886242101354,-13.027456647398843
22.480062584783234,-12.926300578034684
22.597852904352337,-12.926300578034684
22.716260417905303,-12.825144508670519
22.835288359395612,-12.774566473988443
22.954939979721907,-12.673410404624278
23.07521854681679,-12.622832369942195
23.196127345736073,-12.521676300578036
23.317669678748498,-12.521676300578036
23.43984886542593,-12.420520231213871
23.56266824273402,-12.369942196531795
23.686131165123353,-12.26878612716763
23.810241004621048,-12.218208092485554
23.935001150922872,-12.117052023121389
24.06041501148581,-12.117052023121389
24.186486011621128,-12.01589595375723
24.313217594587936,-11.965317919075147
24.440613221687222,-11.864161849710985
24.56867637235639,-11.763005780346823
24.697410544264287,-11.661849710982661
24.826819253406736,-11.611271676300579
24.95690603420256,-11.510115606936417
25.087674439590128,-11.510115606936417
25.21912804112437,-11.459537572254337
25.351270429074347,-11.459537572254337
25.484105212521293,-11.358381502890175
25.617636019457187,-11.358381502890175
25.751866496883856,-11.307803468208093
25.886800310912562,-11.307803468208093
26.02244114686415,-11.20664739884393
26.15879270936968,-11.156069364161851
26.295858722471632,-11.05491329479769
26.4336429297256,-11.00433526011561
26.572149094302542,-10.903179190751448
26.711380999091563,-10.903179190751448
26.851342446803226,-10.802023121387286
26.99203726007342,-10.751445086705203
27.133469281567763,-10.650289017341041
27.27564237408654,-10.599710982658962
27.41856042067023,-10.4985549132948
27.562227324705525,-10.4985549132948
27.706647010031975,-10.397398843930638
27.851823421049136,-10.346820809248555
27.997760522824304,-10.245664739884393
28.144462301200804,-10.195086705202314
28.29193276290686,-10.093930635838152
28.440175935665025,-10.093930635838152
28.589195868302184,-9.99277456647399
28.738996630860136,-9.942196531791907
28.889582314706757,-9.841040462427745
29.040957032647743,-9.739884393063587
29.193124919038937,-9.588150289017342
29.34609012989925,-9.48699421965318
29.499856843024165,-9.385838150289018
29.654429258099857,-9.385838150289018
29.80981159681787,-9.284682080924856
29.966008102990443,-9.234104046242777
30.123023042666407,-9.132947976878615
30.280860704247694,-9.132947976878615
30.439525398606474,-9.082369942196532
30.599021459202884,-9.082369942196532
30.759353242203396,-8.98121387283237
30.920525126599777,-8.930635838150291
31.0825415143287,-8.829479768786129
31.245406830391964,-8.778901734104046
31.40912552297736,-8.677745664739884
31.57370206358014,-8.677745664739884
31.73914094712516,-8.576589595375722
31.90544669208965,-8.526011560693643
32.0726238406266,-8.424855491329481
32.24067695868884,-8.374277456647402
32.40961063615372,-8.27312138728324
32.579429486948506,-8.27312138728324
32.75013814917636,-8.171965317919078
32.92174128524302,-8.121387283236995
33.09424358198418,-8.020231213872833
33.26764975079344,-7.969653179190754
33.44196452775102,-7.868497109826592
33.6171926737531,-7.868497109826592
33.79333897464187,-7.76734104046243
33.970408241336195,-7.716763005780347
34.14840530996306,-7.615606936416185
34.327335041989635,-7.514450867052023
34.50720232435604,-7.413294797687861
34.68801206960883,-7.362716763005782
34.86976921603519,-7.26156069364162
35.052478727797755,-7.26156069364162
35.23614559507024,-7.160404624277458
35.420774834173706,-7.109826589595379
35.606371487713574,-7.008670520231217
35.79294062471735,-6.958092485549134
35.98048734077308,-6.856936416184972
36.1690167581685,-6.856936416184972
36.35853402603095,-6.75578034682081
36.549044320468,-6.705202312138731
36.74055284470882,-6.604046242774569
36.93306482924632,-6.553468208092486
37.126585531979956,-6.452312138728324
37.32112023835936,-6.452312138728324
37.51667426152872,-6.351156069364162
37.71325294247184,-6.300578034682083
37.910861650158054,-6.199421965317921
38.10950578168885,-6.148843930635838
38.30919076244528,-6.047687861271676
38.509922046236134,-6.047687861271676
38.71170511544689,-5.946531791907514
38.914545481189464,-5.895953757225435
39.11844868345272,-5.794797687861273
39.32342029125378,-5.744219653179194
39.52946590279013,-5.643063583815032
39.7365911455925,-5.643063583815032
39.94480167667859,-5.54190751445087
40.15410318270755,-5.491329479768787
40.36450138013532,-5.390173410404625
40.57600201537074,-5.289017341040463
40.7886108649325,-5.187861271676301
41.00233373560691,-5.137283236994222
41.21717646460649,-5.03612716763006
41.43314491972941,-5.03612716763006
41.65024499951973,-4.934971098265898
41.86848263342853,-4.884393063583815
42.087863781975834,-4.783236994219653
42.3083944369134,-4.732658959537574
42.5300806213884,-4.631502890173412
42.752928390107876,-4.631502890173412
42.976943829504144,-4.53034682080925
43.202133057901015,-4.47976878612717
43.4285022256809,-4.3786127167630085
43.65605751545279,-4.328034682080926
43.884805142221104,-4.226878612716764
44.114751353555455,-4.226878612716764
44.345902429761274,-4.125722543352602
44.578264684051334,-4.0751445086705225
44.81184446271818,-3.9739884393063605
45.04664814530746,-3.9234104046242777
45.282682144792155,-3.8222543352601157
45.51995290774776,-3.8222543352601157
45.758466914528306,-3.7210982658959537
45.9982306794434,-3.6705202312138745
46.23925075093611,-3.5693641618497125
46.48153371176183,-3.5693641618497125
46.72508617916806,-3.5187861271676297
46.96991480507516,-3.5187861271676297
47.216026276258006,-3.4176300578034677
47.463427314528616,-3.3670520231213885
47.71212467691975,-3.2658959537572265
47.96212515586946,-3.2153179190751473
48.21343557940659,-3.1141618497109853
48.466062811337295,-3.1141618497109853
48.720013751432454,-3.0130057803468233
48.97529533561616,-2.9624277456647405
49.231914536155145,-2.8612716763005785
49.4898783618492,-2.7601156069364166
49.749193858222604,-2.6589595375722546
50.00986810771655,-2.6083815028901753
50.271908229882584,-2.5072254335260133
50.53532138157705,-2.5072254335260133
50.80011475715656,-2.4060693641618514
51.066295588674485,-2.3554913294797686
51.333871146078486,-2.2543352601156066
51.60284873740907,-2.2037572254335274
51.873235708999175,-2.1026011560693654
52.14503944567482,-2.1026011560693654
52.418267370956805,-2.0014450867052034
52.692926947263466,-1.9508670520231242
52.96902567611447,-1.8497109826589622
53.24657109833571,-1.7991329479768794
53.52557079426526,-1.6979768786127174
53.806032383960435,-1.6979768786127174
54.08796352740584,-1.5968208092485554
54.37137192472266,-1.5462427745664762
54.65626531637891,-1.4450867052023142
54.94265148340087,-1.3945086705202314
55.23053824758561,-1.2933526011560694
55.51993347171459,-1.2933526011560694
55.81084505976841,-1.1921965317919074
56.10328095714273,-1.1416184971098282
56.39724915086521,-1.0404624277456662
56.6927576698137,-0.9898843930635834
56.98981458493552,-0.8887283236994215
57.288428009467864,-0.8887283236994215
57.58860609915942,-0.7875722543352595
57.8903570524931,-0.7369942196531802
58.193689110909986,-0.6358381502890182
58.49861055903438,-0.5346820809248563
58.80512972490011,-0.43352601156069426
59.11325498017797,-0.38294797687861504
59.42299474040436,-0.28179190751445304
59.73435746521116,-0.28179190751445304
60.047351658556735,-0.18063583815029105
60.36198586895824,-0.13005780346820828
60.67826868972508,-0.028901734104046284
60.9962087591936,0.021676300578032937
61.31581476096303,0.12283236994219493
61.63709542413265,0.12283236994219493
61.9600595235402,0.1734104046242777
62.284715880001535,0.22398843930635692
62.611073360551536,0.2745664739884397
62.939140878686295,0.3251445086705189
63.268927394606564,0.4263005780346809
63.60044191546247,0.4263005780346809
63.933693495599506,0.5274566473988429
64.26869123680586,0.5780346820809257
64.60544428856096,0.6791907514450841
64.9439618482854,0.7297687861271669
65.28425316159212,0.8309248554913289
65.62632752253894,0.8309248554913289
65.97019427388238,0.8815028901734081
66.31586280733283,0.8815028901734081
66.6633425638111,0.9826589595375701
67.0126430337062,1.0332369942196529
67.3637737571346,1.1343930635838149
67.71674432420076,1.1343930635838149
68.07156437525907,1.184971098265894
68.42824360117716,1.2355491329479769
68.78679174360053,1.286127167630056
69.14721859521867,1.387283236994218
69.50953400003249,1.48843930635838
69.87374785362316,1.5390173410404628
70.23987010342243,1.6401734104046248
70.60791074898428,1.6401734104046248
70.97787984225803,1.690751445086704
71.34978748786291,1.690751445086704
71.72364384336399,1.791907514450866
72.0994591195496,1.791907514450866
72.47724358071031,1.8424855491329488
72.85700754491913,1.8424855491329488
73.2387613843134,1.9436416184971073
73.62251552537808,1.99421965317919
74.00828044923045,2.0447976878612693
74.39606669190647,2.095375722543352
74.78588484464844,2.1459537572254312
75.17774555419433,2.1459537572254312
75.57165952306858,2.2471098265895932
75.96763750987432,2.297687861271676
76.36569032958734,2.398843930635838
76.76582885385133,2.398843930635838
77.16806401127491,2.4494219653179172
77.57240678773007,2.5
77.97886822665224,2.5561978163134214
78.38745942934186,2.5561978163134214
78.79819155526762,2.601156069364162
79.21107582237127,2.656332107199159
79.62612350737395,2.651734104046241
80.0433459460842,2.647136100893327
80.4627545337076,2.6921965317919074
80.88436072515793,2.702312138728324
81.30817603537011,2.803468208092486
81.7342120396146,2.904624277456648
82.16248037381364,2.955202312138727
82.59299273485897,2.9608220937700693
83.02576088093134,2.949582530507385
83.46079663182168,3.056358381502889
83.89811186925384,3.056358381502889
84.33771853720917,3.106936416184972
84.77962864225272,3.157514450867051
85.22385425386113,3.157514450867051
85.67040750475235,3.157514450867051
86.11930059121693,3.3092485549132924
86.57054577345114,3.359826589595375
87.02415537589188,3.359826589595375
87.48014178755322,3.359826589595375
87.9385174623648,3.359826589595375
88.39929491951195,3.359826589595375
88.86248674377764,3.4104046242774544
89.3281055858862,3.460982658959537
89.79616416284883,3.460982658959537
90.26667525831087,3.5115606936416164
90.73965172290106,3.562138728323699
91.21510647458243,3.562138728323699
91.69305249900513,3.562138728323699
92.17350284986115,3.562138728323699
92.65647064924077,3.562138728323699
93.14196908799099,3.562138728323699
93.63001142607578,3.663294797687861
94.12061099293827,3.663294797687861
94.61378118786477,3.663294797687861
95.10953548035076,3.663294797687861
95.60788741046873,3.663294797687861
96.10885058923805,3.663294797687861
96.61243869899663,3.663294797687861
97.1186654937747,3.663294797687861
97.6275447996704,3.7138728323699404
98.13909051522745,3.764450867052023
98.65331661181469,3.865606936416185
99.17023713400769,3.865606936416185
99.68986619997237,3.865606936416185
100.21221800185056,3.865606936416185
100.73730680614761,3.865606936416185
101.26514695412207,3.865606936416185
101.79575286217735,3.865606936416185
102.32913902225548,3.865606936416185
102.86532000223289,3.865606936416185
103.40431044631835,3.865606936416185
103.94612507545284,3.865606936416185
104.49077868771171,3.865606936416185
105.03828615870876,3.865606936416185
105.58866244200257,3.865606936416185
106.14192256950491,3.865606936416185
106.69808165189127,3.865606936416185
107.2571548790136,3.865606936416185
107.81915752031513,3.865606936416185
108.38410492524746,3.865606936416185
108.95201252368973,3.865606936416185
109.5228958263701,3.865606936416185
110.09677042528934,3.865606936416185
110.67365199414668,3.8150289017341024
111.25355628876794,3.764450867052023
111.83649914753576,3.764450867052023
112.4224964918223,3.764450867052023
113.01156432642397,3.764450867052023
113.60371873999861,3.764450867052023
114.19897590550494,3.764450867052023
114.7973520806442,3.764450867052023
115.39886360830423,3.764450867052023
116.0035269170058,3.764450867052023
116.61135852135135,3.764450867052023
117.22237502247599,3.764450867052023
117.83659310850094,3.764450867052023
118.4540295549893,3.764450867052023
119.07470122540427,3.764450867052023
119.69862507156962,3.764450867052023
120.32581813413282,3.764450867052023
120.95629754303033,3.7138728323699404
121.59008051795556,3.6127167630057784
122.22718436882907,3.562138728323699
122.86762649627144,3.562138728323699
123.51142439207844,3.562138728323699
124.1585956396988,3.562138728323699
124.80915791471448,3.562138728323699
125.46312898532334,3.562138728323699
126.12052671282453,3.562138728323699
126.78136905210623,3.562138728323699
127.4456740521361,3.562138728323699
128.1134598564542,3.562138728323699
128.78474470366854,3.562138728323699
129.45954692795323,3.5115606936416164
130.13788495954915,3.460982658959537
130.8197773252674,3.460982658959537
131.50524264899533,3.460982658959537
132.19429965220505,3.460982658959537
132.8869671544649,3.4104046242774544
133.58326407395342,3.359826589595375
134.28320942797595,3.359826589595375
134.98682233348418,3.359826589595375
135.69412200759817,3.359826589595375
136.4051277681312,3.359826589595375
137.11985903411747,3.359826589595375
137.8383353263424,3.3092485549132924
138.56057626787577,3.258670520231213
139.28660158460778,3.258670520231213
140.01643110578763,3.2080924855491304
140.75008476456526,3.157514450867051
141.48758259853565,3.157514450867051
142.2289447502862,3.157514450867051
142.9741914679467,3.157514450867051
143.72334310574254,3.157514450867051
144.47642012455051,3.157514450867051
145.23344309245766,3.106936416184972
145.994432685323,3.00578034682081
146.75940968734233,2.955202312138727
147.52839499161576,2.955202312138727
148.30140960071842,2.955202312138727
149.07847462727406,2.955202312138727
149.85961129453173,2.955202312138727
150.64484093694531,2.955202312138727
151.43418500075637,2.955202312138727
152.22766504457974,2.904624277456648
153.02530273999244,2.854046242774565
153.8271198721255,2.854046242774565
154.63313834025902,2.803468208092486
155.44338015842024,2.752890173410403
156.25786745598478,2.752890173410403
157.0766224782811,2.752890173410403
157.89966758719802,2.752890173410403
158.72702526179546,2.752890173410403
159.55871809891843,2.752890173410403
160.39476881381412,2.702312138728324
161.23520024075242,2.651734104046241
162.08003533364945,2.651734104046241
162.92929716669457,2.601156069364162
163.78300893498053,2.550578034682079
164.641193955137,2.550578034682079
165.50387566596737,2.5
166.37107762908892,2.4494219653179172
167.24282352957638,2.4494219653179172
168.11913717660877,2.4494219653179172
169.0000425041197,2.398843930635838
169.88556357145103,2.3482658959537552
170.77572456401,2.3482658959537552
171.6705497939298,2.2471098265895932
172.57006370073353,2.2471098265895932
173.47429085200176,2.2471098265895932
174.38325594404347,2.196531791907514
175.2969838025706,2.1459537572254312
176.21549938337603,2.1459537572254312
177.13882777301527,2.095375722543352
178.0669941894915,2.0447976878612693
179.00002398294447,2.0447976878612693
179.9379426363427,2.0447976878612693
180.88077576617968,2.0447976878612693
181.82854912317325,2.0447976878612693
182.78128859296913,1.99421965317919
183.73902019684786,1.893063583815028
184.70177009243537,1.8424855491329488
185.66956457441754,1.8424855491329488
186.64243007525832,1.8424855491329488
187.6203931659216,1.8424855491329488
188.60348055659702,1.8424855491329488
189.5917190974294,1.791907514450866
190.5851357792521,1.7413294797687868
191.5837577343242,1.7413294797687868
192.58761223707148,1.690751445086704
193.5967267048315,1.6401734104046248
194.61112869860222,1.6401734104046248
195.63084592379488,1.589595375722542
196.65590623099064,1.5390173410404628
197.68633761670128,1.5390173410404628
198.72216822413378,1.5390173410404628
199.76342634395905,1.48843930635838
200.81014041508453,1.4378612716763008
201.86233902543094,1.4378612716763008
202.9200509127131,1.3310854206807967
203.9833049652248,1.3367052023121389
205.05213022262777,1.3367052023121389
206.12655587674485,1.286127167630056
207.2066112723573,1.2355491329479769
208.29232590800618,1.2355491329479769
209.38372943679812,1.184971098265894
210.48085166721512,1.1343930635838149
211.58372256392875,1.1343930635838149
212.69237224861848,1.0725754656390478
213.80683100079446,1.0130057803468198
214.9271292586244,1.0130057803468198
216.053297619765,1.0163776493256265
217.18536684219757,1.0500963391136793
218.32336784506808,1.0534682080924824
219.46733170953175,1.0534682080924824
220.61728967960175,0.9938985228002579
221.77327316300273,0.9320809248554909
222.93531373202848,0.9320809248554909
224.10344312440432,0.8702633269107238
225.2776932441539,0.8106936416184958
226.45809616247058,0.8263268523384149
227.6446841185933,0.8355228586442429
228.83748952068711,0.8511560693641584
230.03654494672844,0.7915863840719339
231.24188314539472,0.6679511881823998
232.45353703695883,0.6083815028901753
233.6715397141883,0.6083815028901753
234.89592444324907,0.6117533718689785
236.12672466461407,0.5780346820809257
237.3639739939766,0.5274566473988429
238.60770622316838,0.5274566473988429
239.85795532108247,0.4768786127167637
241.11475543460114,0.4263005780346809
242.3781408895283,0.4263005780346809
243.64814619152725,0.3532434168272296
244.92480602706286,0.2846820809248527
246.2081552643491,0.2846820809248527
247.49822895430128,0.29704560051380824
248.7950623314934,0.3251445086705189
250.09869081512042,0.3251445086705189
251.40915000996574,0.2745664739884397
252.72647570737354,0.22398843930635692
254.05070388622636,0.22398843930635692
255.38187071392773,0.1734104046242777
256.72001254739,0.12283236994219493
258.0651659340274,0.12283236994219493
259.417367612754,0.03853564547205934
260.77665451498734,-0.03901734104046284
262.1430637656571,-0.03901734104046284
263.5166326842188,-0.017662170841362013
264.8973987856735,0.061014771997427886
266.285399781592,0.08236994219652871
267.680673581145,-0.0013137151865478813
269.0832582921386,-0.15764582238571023
270.49319222205486,-0.3139779295848655
271.9105138790982,-0.3020231213872826
273.3352619732471,-0.36271676300578193
274.7674754173114,-0.36271676300578193
276.207193327995,-0.28179190751445304
277.65445502696434,-0.24960588544403706
279.10930004192215,-0.2955859169731987
280.57176810768726,-0.38294797687861504
282.0418991672798,-0.5650289017341059
283.5197333730119,-0.5650289017341059
285.00531108758463,-0.6257225433526017
286.4986728851902,-0.7094062007356818
287.9998595526203,-0.6266421439831866
289.50891209037985,-0.5438780872306914
291.0258717138069,-0.5599710982658976
292.5507798541984,-0.6450341565948499
294.08367815994166,-0.7875722543352595
295.6246084976519,-0.7875722543352595
297.1736129533156,-0.8887283236994215
298.73073383344035,-0.9393063583815042
300.2960136662097,-1.0715873721654106
301.8694952026452,-1.132422490803993
303.45122141777387,-1.2933526011560694
305.04123551180174,-1.2933526011560694
306.63958091129416,-1.1921965317919074
308.2463012703614,-1.1508145034156598
309.8614404718513,-1.1508145034156598
311.48504262854766,-1.2427745664739902
313.1171520843749,-1.3742774566474019
314.7578134156094,-1.3945086705202314
316.40707143209704,-1.3270712909441258
318.0649711784767,-1.320586927523344
319.7315579354108,-1.2596339113680166
321.4068772208221,-1.0629415542710348
323.09097479113643,-0.9898843930635834
324.78389664253297,-0.9898843930635834
326.48568901220006,-0.9898843930635834
328.19639837959824,-0.9898843930635834
329.91607146772964,-0.9898843930635834
331.6447552444141,-0.9898843930635834
333.38249692357203,-0.9730250481695606
335.1293439665138,-0.9696531791907539
336.8853440832359,-0.9696531791907539
338.65054523372436,-1.1508145034156598
340.4249956292643,-1.2124277456647405
342.2087437337569,-1.2124277456647405
344.0018382650428,-1.2703625853914886
345.8043281962331,-1.2652536929993587
347.61626275704634,-1.3071466106148186
349.43769143515357,-1.2933526011560694
351.26866397752974,-1.3439306358381522
353.10923039181245,-1.470375722543352
354.95944094766764,-1.6014188124014694
356.8193461781628,-1.5968208092485554
358.6889968811468,-1.6575144508670512
360.5684441206376,-1.6575144508670512
362.4577392282168,-1.5968208092485554
364.35693380443143,-1.5738307934839746
366.26607972020366,-1.6198108250131362
368.1852291182471,-1.6979768786127174
370.11443441449114,-1.8598265895953752
372.05374829951256,-1.8598265895953752
374.0032237399745,-1.8772990015764606
375.96291398007315,-1.9197421076033798
377.93287254299196,-1.9002890173410414
379.9131532323634,-1.9508670520231242
381.90381013373866,-2.0014450867052034
383.9048976160645,-2.0014450867052034
385.9164703331685,-2.0520231213872826
387.93858322525153,-2.1026011560693654
389.97129152038855,-2.083148065807027
392.01465073603663,-2.125591171833946
394.0687166805516,-2.1430635838150316
396.1335454547121,-2.1430635838150316
398.20919345325177,-2.3049132947976894
400.29571736639974,-2.3830793483972705
402.3931741814287,-2.466763005780347
404.50162118421156,-2.4454078355812463
406.62111596078574,-2.4060693641618514
408.7517163989263,-2.4060693641618514
410.8934806897268,-2.501605651894671
413.04646732918866,-2.5881502890173422
415.2107351198187,-2.6681555438780897
417.3863431722354,-2.732527588018918
419.5733509067831,-2.7095375722543373
421.771818055155,-2.670199100834939
423.98180466202444,-2.6083815028901753
426.20337108668514,-2.6083815028901753
428.43657800469936,-2.7263969171483637
430.68148640955525,-2.830924855491329
432.93815761433285,-2.925643720441407
435.20665325337836,-2.891618497109828
437.48703528398784,-2.952312138728324
439.7793659880991,-2.952312138728324
442.0837079739929,-2.8106936416184993
444.4001241780029,-2.750919600630585
446.7286778662346,-2.79689963215975
449.0694326362932,-2.9118497109826613
451.4224524190206,-3.154624277456648
453.7878014802415,-3.154624277456648
456.16554442251874,-3.2153179190751473
458.5557461869175,-3.3210719915922233
460.95847205477907,-3.276011560693643
463.3737876495039,-3.209698137443805
465.801758938344,-3.018625561978162
468.24245223420417,-2.952312138728324
470.69593419745377,-3.091171833946401
473.16227183774686,-3.33946400420389
475.6415325158527,-3.478323699421967
478.1337839454953,-3.412010276172129
480.63909419520286,-3.220937700706486
483.15753169016693,-3.154624277456648
485.68916521411126,-3.154624277456648
488.2340639111703,-3.541776142932214
490.79229728777784,-3.680635838150291
493.3639352145652,-3.680635838150291
495.9490479282696,-3.680635838150291
498.54770603365256,-3.5187861271676297
501.15998050542817,-3.5693641618497125
503.7859426902016,-3.6199421965317917
506.4256643084176,-3.6199421965317917
509.07921745631955,-3.6705202312138745
511.74667460791835,-3.8728323699421985
514.428108616972,-3.8728323699421985
517.1235927189754,-4.00433526011561
519.8332005331602,-4.00433526011561
522.5570060645059,-3.9555964266946937
525.295083705761,-3.9895509115162326
528.047508239475,-3.9234104046242777
530.81435484004,-3.9739884393063605
533.5956990757451,-4.02456647398844
536.3916169108394,-4.02456647398844
539.2021847076072,-4.187540141297369
542.0274792284534,-4.328034682080926
544.8675776380003,-4.328034682080926
547.7225575051946,-4.24373795761079
550.5924968054265,-4.007707129094413
553.4774739226594,-3.9234104046242777
556.3775676515702,-4.084340514976354
559.2928571997016,-4.369416710457173
562.2234221896258,-4.6544929059379925
565.1693426611185,-4.591040462427745
568.1306990733456,-4.651734104046241
571.1075723070601,-4.651734104046241
574.1000436668115,-4.55844572896596
577.1081948831664,-4.33263268523384
580.1321081149406,-4.3786127167630085
583.1718659514429,-4.53034682080925
586.2275514147311,-4.53034682080925
589.2992479618794,-4.760757867694284
592.3870394872574,-4.631502890173412
595.4910103248222,-4.631502890173412
598.6112452504211,-4.816955684007709
601.7478294841071,-4.975433526011564
604.9008486924668,-4.975433526011564
608.0703889909594,-4.873153500321131
611.2565369462696,-4.592164418754017
614.4593795786715,-4.4898843930635834
617.6790043644048,-4.672884918549659
620.915499238065,-4.994745139253812
624.1689525950039,-5.177745664739888
627.439453293745,-5.075465639049455
630.7270906584097,-4.934971098265898
634.031954481157,-4.934971098265898
637.3541350246361,-4.934971098265898
640.6937230244515,-4.934971098265898
644.0508096916413,-4.934971098265898
647.4254867151684,-4.934971098265898
650.8178462644244,-4.934971098265898
654.2279809917472,-4.934971098265898
657.6559840349519,-4.934971098265898
661.1019490198735,-4.934971098265898
664.5659700629252,-4.934971098265898
668.0481417736681,-4.934971098265898
671.5485592573957,-4.934971098265898
675.0673181177311,-4.934971098265898
678.6045144592382,-4.934971098265898
682.1602448900466,-5.177745664739888
685.73460652449,-5.177745664739888
689.327696985759,-5.177745664739888
692.9396144085667,-5.177745664739888
696.5704574418297,-4.833815028901736
700.2203252513619,-4.833815028901736
703.8893175225832,-4.4898843930635834
707.5775344632418,-4.626904887020498
711.2850768061516,-4.732658959537574
715.0120458119426,-4.814361938639397
718.7585432718276,-4.9147398843930645
722.5246715103816,-4.854046242774565
726.3105333883365,-4.921177088807148
730.1162323053906,-4.752112049799912
733.9418722030329,-4.661849710982661
737.7875575673814,-4.48609104046243
741.6533934320377,-4.458092485549134
745.5394853809544,-4.246331702979102
749.4459395513201,-4.191863050244557
753.3728626364574,-4.140173410404625
757.3203618887374,-4.068822254335263
761.2885451225085,-4.0751445086705225
765.2775207170416,-4.089595375722546
769.2873976194898,-4.02456647398844
773.3182853478638,-3.8636363636363633
777.3702939940237,-3.6789499036608895
781.443534226685,-3.5148955091151635
785.5381172944419,-3.3670520231213885
789.6541550288056,-3.3592707870164524
793.791759847258,-3.2581147176522904
797.9510447563232,-3.229768786127167
802.1321233546528,-3.144508670520235
806.3351098361292,-3.0066835260115603
810.5601189929843,-2.9055274566473983
814.8072662189347,-2.80437138728324
819.0766675123334,-2.6319845857418116
823.3684394793377,-2.4768786127167637
827.6826993370943,-2.3871026011560694
832.0195649169405,-2.226236351958896
836.3791546676225,-2.0671965317919074
840.7615876585307,-1.966040462427749
845.1669835829514,-1.8071189534529957
849.5954627613359,-1.7069024141448494
854.0471461445867,-1.559730250481696
858.5221553173612,-1.404624277456648
863.0206125013924,-1.2487249234954128
867.5426405588264,-1.1416184971098282
872.0883629955788,-1.0404624277456662
876.6579039647075,-0.9898843930635834
881.2513882698038,-0.8381502890173422
885.8689413684006,-0.7369942196531802
890.5106893753995,-0.585260115606939
895.1767590665147,-0.5346820809248563
899.8672778817361,-0.43352601156069426
904.5823739288093,-0.38294797687861504
909.3221759867349,-0.23121387283237027
914.0868135092858,-0.07947976878612906
918.8764166285424,0.021676300578032937
923.6911161584474,0.07225433526011571
928.5310435983778,0.12283236994219493
933.3963311367372,0.2745664739884397
938.2871116545658,0.3251445086705189
943.2035187291696,0.2846820809248527
948.1456866377686,0.3573305307409349
953.1137503611644,0.4263005780346809
958.1078455874269,0.4924410849266323
963.1281087156,0.6286127167630049
968.1746768594267,0.6893063583815007
973.2476878510945,0.6893063583815007
978.3472802449996,0.7499999999999964
983.4735933215312,0.8263268523384149
988.6267670908753,0.8106936416184958
993.8069422968389,0.7803468208092461
999.014260420694,0.7297687861271669
1004.2488636850416,0.7297687861271669
1009.5108950576963,0.7297687861271669
1014.8004982555908,0.7297687861271669
1020.1178177487013,0.7297687861271669
1025.4629987639933,0.7297687861271669
1030.8361872893875,0.6229929351316628
1036.237530077748,0.6229929351316628
1041.6671746508898,0.5872306883867573
1047.1252693036079,0.6286127167630049
1052.6119631077277,0.5780346820809257
1058.1274059161765,0.4010115606936395
1063.6717483670761,0.3251445086705189
1069.2451418878572,0.36448298008991387
1074.8477386993952,0.4263005780346809
1080.4796918201678,0.4263005780346809
1086.1411550704336,0.3082851637764925
1091.832283076434,0.20375722543352737
1097.553231274616,0.3205465055176049
1103.304155915878,0.3757225433526017
1109.0852140698362,0.5679190751445091
1114.8965636291157,0.5679190751445091
1120.7383633136621,0.6286127167630049
1126.610772675077,0.7343667892800809
1132.513952100975,0.7044797687861255
1138.448062819365,0.5780346820809257
1144.4132669030535,0.6286127167630049
1150.4097272740703,0.7527588018917477
1156.4376077081197,0.8253050738599867
1162.497072839052,0.6607987388334209
1168.588288163361,0.5679190751445091
1174.7114200447043,0.5679190751445091
1180.8666357184454,0.5679190751445091
1187.0541032962235,0.8309248554913289
1193.2739917705433,0.8309248554913289
1199.5264710193908,0.8309248554913289
1205.811711810874,0.8309248554913289
1212.1298858078856,0.8309248554913289
1218.4811655727924,0.8309248554913289
1224.8657245721479,0.8309248554913289
1231.2837371814303,0.7803468208092461
1237.7353786898047,0.7297687861271669
1244.220825304911,0.7297687861271669
1250.740254157676,0.6791907514450841
1257.293843307152,0.5780346820809257
1263.881771745379,0.5780346820809257
1270.504219402274,0.5274566473988429
1277.1613671505454,0.5780346820809257
1283.8533968106321,0.5130057803468198
1290.5804911556704,0.44526734104046284
1297.3428339164855,0.31502890173410236
1304.140609786609,0.2745664739884397
1310.9740044273246,0.07225433526011571
1317.8432044727376,0.11271676300577838
1324.748397534873,0.0901054063243798
1331.6897722087992,-0.050197748707027756
1338.667518077779,-0.08746577426224533
1345.681825718448,-0.23753612716762973
1352.7328867060185,-0.3251445086705189
1359.8208936195133,-0.4568697198755025
1366.946040047024,-0.585260115606939
1374.1085205909994,-0.7094062007356818
1381.30853087356,-0.7673410404624299
1388.5462675418403,-0.826910725754658
1395.8219282733612,-0.8887283236994215
1403.1357117814273,-0.8887283236994215
1410.4878178205552,-0.9505459216441885
1417.8784471919284,-1.0101156069364166
1425.3078017488829,-1.0101156069364166
1432.7760844024187,-1.0101156069364166
1440.283499126743,-0.9485023646873358
1447.83025096484,-0.8289542827115106
1455.4165460340719,-0.7673410404624299
1463.042591531808,-0.7707129094412366
1470.7085957410843,-0.8606294155427108
1478.414768036291,-0.9291907514450877
1486.161318888892,-0.856542301629009
1493.9484598731729,-0.7645822385706786
1501.7764036720191,-0.7268786127167637
1509.6453640827258,-0.7482337829158645
1517.5555560228358,-0.7875722543352595
1525.5071955360104,-0.7875722543352595
1533.5004997979295,-0.6920359666024396
1541.5356871222232,-0.6054913294797686
1549.6129769664344,-0.6054913294797686
1557.732589938013,-0.6358381502890182
1565.8947478003406,-0.686416184971101
1574.0996734787875,-0.686416184971101
1582.3475910668014,-0.686416184971101
1590.6387258320278,-0.686416184971101
1598.9733042224623,-0.686416184971101
1607.3515538726353,-0.7673410404624299
1615.7737036098301,-0.7186022070415135
1624.2399834603314,-0.686416184971101
1632.7506246557084,-0.686416184971101
1641.3058596391302,-0.6021194605009619
1649.9059220717143,-0.7707129094412366
1658.5510468389084,-0.8482658959537588
1667.2414700569054,-0.8105622700998438
1675.9774290790924,-0.7645822385706786
1684.7591625025332,-0.7960019267822744
1693.586910174485,-0.9237438861716321
1702.460913198949,-0.9782125389061811
1711.3814139432552,-1.0220704151339994
1720.3486560446831,-1.0505780346820828
1729.3628844171144,-1.0505780346820828
1738.4243452577227,-1.1784025223331618
1747.5332860536982,-1.2349933303690541
1756.6899555890066,-1.3439306358381522
1765.8946039511836,-1.3945086705202314
1775.147482538166,-1.4956647398843934
1784.4488440651573,-1.4917741218319271
1793.7989425715302,-1.5968208092485554
1803.198033427765,-1.6473988439306382
1812.6463733424239,-1.7485549132948002
1822.1442203691624,-1.7991329479768794
1831.6918339137778,-1.9508670520231242
1841.2894747412934,-2.1026011560693654
1850.9374049830808,-2.2543352601156066
1860.6358881440194,-2.3554913294797686
1870.3851891096929,-2.4566473988439306
1880.1855741536242,-2.5072254335260133
1890.0373109445477,-2.6083815028901753
1899.9406685537201,-2.6589595375722546
1909.8959174622692,-2.7601156069364166
1919.903329568581,-2.8612716763005785
1929.9631781957262,-2.9624277456647405
1940.075738098925,-3.0635838150289025
1950.2412854730512,-3.1647398843930645
1960.460097960176,-3.2658959537572265
1970.7324546571506,-3.3670520231213885
1981.058636123229,-3.5187861271676297
1991.4389243877306,-3.6705202312138745
2001.8736029577433,-3.7716763005780365
2012.3629568258664,-3.8728323699421985
2022.9072724779944,-4.1763005780346845
2033.5068379011414,-4.328034682080926
2044.1619425913066,-4.429190751445088
2054.8728775613818,-4.53034682080925
2065.639935349098,-4.580924855491332
2076.463410025017,-4.682080924855491
2087.3435972005614,-4.783236994219653
2098.28079403609,-4.934971098265898
2109.2752992490123,-5.086705202312139
2120.3274131219487,-5.238439306358384
2131.43743751093,-5.289017341040463
2142.605675853643,-5.390173410404625
2153.8324331777176,-5.491329479768787
2165.1180161090583,-5.592485549132949
2176.462732880218,-5.845375722543356
2187.8668933388167,-5.997109826589597
2199.3308089560037,-6.098265895953759
2210.854792834966,-6.199421965317921
2222.4391597194776,-6.300578034682083
2234.084226002498,-6.401734104046245
2245.7903097348117,-6.553468208092486
2257.5577306337163,-6.705202312138731
2269.3868100917534,-6.806358381502893
2281.277871185487,-6.907514450867055
2293.231238684328,-7.109826589595379
2305.247239059404,-7.26156069364162
2317.326200492474,-7.463872832369944
2329.468452884895,-7.615606936416185
2341.674327866631,-7.716763005780347
2353.9441588053082,-7.817919075144509
2366.278280815324,-7.969653179190754
2378.677030766996,-8.171965317919078
2391.1407472957653,-8.374277456647402
2403.669770811444,-8.526011560693643
2416.264443507512,-8.677745664739884
2428.925109370465,-8.880057803468208
2441.6521141892076,-9.031791907514453
2454.4458055644977,-9.183526011560694
2467.3065329184415,-9.436416184971101
2480.2346475040354,-9.588150289017342
2493.2305024147604,-9.739884393063587
2506.2944525942257,-9.841040462427745
2519.4268548458626,-9.942196531791907
2532.6280678426697,-10.04335260115607
2545.898452137009,-10.093930635838152
2559.238370170453,-10.245664739884393
2572.648186283685,-10.346820809248555
2586.128266726448,-10.4985549132948
2599.67897966755,-10.54913294797688
2613.300695204917,-10.650289017341041
2626.993785375703,-10.802023121387286
2640.7586241664503,-10.903179190751448
2654.5955875233044,-10.903179190751448
2668.505053362281,-10.953757225433527
2682.487401579589,-11.00433526011561
2696.543014062004,-11.05491329479769
2710.6722746973014,-11.105491329479769
2724.8755693847384,-11.20664739884393
2739.1532860455955,-11.257225433526013
2753.5058146337706,-11.408959537572255
2767.93354714643,-11.459537572254337
2782.436877634714,-11.5606936416185
2797.0162022145,-11.611271676300579
2811.67191907722,-11.71242774566474
2826.4044285007376,-11.71242774566474
2841.2141328602793,-11.813583815028903
2856.1014366394247,-11.864161849710985
2871.0667464411536,-11.965317919075147
2886.1104709989513,-12.066473988439306
2901.2330211879716,-12.167630057803471
2916.4348100362595,-12.218208092485554
2931.7162527360306,-12.369942196531795
2947.0777666550116,-12.420520231213871
2962.5197713478397,-12.471098265895954
2978.042688567521,-12.471098265895954
2993.64694227695,-12.521676300578036
3009.332958660488,-12.622832369942195
3025.101166135604,-12.57225433526012
3040.9519953645754,-12.521676300578036
3056.885879266249,-12.471098265895954
3072.903253027868,-12.420520231213871
3089.004554116954,-12.369942196531795
3105.190222293258,-12.319364161849713
3121.460699620771,-12.218208092485554
3137.8164304797947,-12.167630057803471
3154.257861579083,-12.066473988439306
3170.785441968039,-11.965317919075147
3187.3996230489797,-11.864161849710985
3204.100858589468,-11.763005780346823
3220.8896047347016,-11.661849710982661
3237.7663200199745,-11.611271676300579
3254.731465383199,-11.510115606936417
3271.7855041774956,-11.459537572254337
3288.928902183847,-11.358381502890175
3306.162127623821,-11.257225433526013
3323.4856511723583,-11.156069364161851
3340.899945970626,-11.05491329479769
3358.4054876389423,-10.903179190751448
3376.0027542897656,-10.802023121387286
3393.692226540752,-10.650289017341041
3411.474387527884,-10.54913294797688
3429.349722918664,-10.447976878612717
3447.3187209253797,-10.346820809248555
3465.3818723184377,-10.195086705202314
3483.539670439768,-10.04335260115607
3501.7926112162986,-9.942196531791907
3520.1411931734992,-9.841040462427745
3538.5859174489974,-9.739884393063587
3557.1272878062664,-9.689306358381504
3575.7658106483823,-9.588150289017342
3594.501995031857,-9.472543352601154
3613.3363526805397,-9.41112716763006
3632.269397999595,-9.41112716763006
3651.301648089551,-9.418024172359434
3670.4336227604217,-9.47013487475915
3689.6658445459066,-9.509984235417765
3708.99883871766,-9.48699421965318
3728.4331332996385,-9.522009782125394
3747.969259082521,-9.638728323699425
3767.6077496382077,-9.739884393063587
3787.349141334391,-9.790462427745666
3807.193973349206,-9.891618497109828
3827.142787685956,-9.891618497109828
3847.1961291879174,-9.99277456647399
3867.3545455532176,-10.04335260115607
3887.6185873497957,-10.144508670520231
3907.9888080304395,-10.195086705202314
3928.465763947901,-10.296242774566476
3949.050014370092,-10.362383281458424
3969.7421214953583,-10.556914184081819
3990.542650467835,-10.802023121387286
4011.452169392881,-10.953757225433527
4032.4712493525963,-11.00433526011561
4053.600464421418,-11.00433526011561
4074.8403916818015,-11.225614161849713
4096.1916112399795,-11.299373795761081
4117.654706241808,-11.388728323699425
4139.23026288869,-11.518545279383428
4160.91887045359,-11.582369942196536
4182.721121297126,-11.64288294797688
4204.6376108837485,-11.804658279496774
4226.668937798004,-12.024821489289359
4248.815703760881,-12.220870094310925
4271.078513646249,-12.369942196531795
4293.457975497377,-12.471098265895954
4315.954700543538,-12.57225433526012
4338.569303216705,-12.673410404624278
4361.302401168332,-12.875722543352602
4384.154615286226,-13.179190751445091
4407.126569711499,-13.381502890173415
4430.218891855619,-13.58381502890174
4453.432212417546,-13.684971098265898
4476.767165400955,-13.887283236994222
4500.224388131553,-14.047003346516583
4523.804521274487,-14.296965317919081
4547.508208851842,-14.494219653179194
4571.336098260227,-14.645953757225435
4595.28884028846,-14.7471098265896
4619.367089135343,-14.898843930635842
4643.571502427527,-15.101156069364166
4667.902741237474,-15.404624277456648
4692.361470101514,-15.606936416184972
4716.948357037992,-15.809248554913296
4741.664073565514,-15.960982658959537
4766.50929472129,-16.112716763005785
4791.484699079566,-16.315028901734102
4816.590968770162,-16.51228323699422
4841.8287894971,-16.618497109826592
4867.19885055733,-16.820809248554916
4892.701844859561,-16.972543352601157
4918.338468943181,-17.1242774566474
4944.109422997286,-17.326589595375722
4970.015410879796,-17.528901734104046
4996.057140136688,-17.73121387283237
5022.235322021313,-17.984104046242777
5048.550671513825,-18.13583815028902
5075.0039073407115,-18.28757225433526
5101.595751994416,-18.388728323699425
5128.326931753078,-18.540462427745666
5155.198176700364,-18.692196531791907
5182.210220745412,-18.89450867052023
5209.363801642872,-19.096820809248555
5236.659661013059,-19.248554913294797
5264.098544362205,-19.349710982658962
5291.681201102822,-19.400289017341045
5319.4083845741725,-19.501445086705203
5347.280852062839,-19.552023121387286
5375.299364823411,-19.703757225433527
5403.464688099279,-19.75433526011561
5431.7775911435265,-19.85549132947977
5460.238847239948,-19.90606936416185
5488.849233724165,-19.963872832369944
5517.609532004857,-20.007225433526017
5546.520527585106,-20.050578034682083
5575.583010083846,-20.043352601156066
5604.797773257432,-20.088928412627837
5634.165615021319,-20.142100192678228
5663.687337471854,-20.3106936416185
5693.363746908182,-20.411849710982658
5723.195653854269,-20.46242774566474
5753.18387308104,-20.46242774566474
5783.329223628629,-20.513005780346823
5813.632528828752,-20.563583815028906
5844.094616327192,-20.563583815028906
5874.716318106404,-20.46242774566474
5905.498470508239,-20.411849710982658
5936.441914256784,-20.411849710982658
5967.547494481328,-20.361271676300582
5998.816060739438,-20.361271676300582
6030.248467040169,-20.260115606936417
6061.845571867385,-20.209537572254334
6093.608238203205,-20.108381502890175
6125.537333551575,-20.057803468208093
6157.633729961963,-19.90606936416185
6189.898304053169,-19.85549132947977
6222.331937037279,-19.804913294797693
6254.935514743721,-19.75433526011561
6287.7099276434665,-19.653179190751445
6320.656070873347,-19.400289017341045
6353.774844260505,-19.248554913294797
6387.067152346968,-19.096820809248555
6420.533904414355,-18.995664739884397
6454.176014508708,-18.84393063583815
6487.994401465461,-18.692196531791907
6521.9899889345315,-18.489884393063583
6556.163705405548,-18.338150289017342
6590.5164842332115,-18.13583815028902
6625.049263662782,-18.03468208092486
6659.7629868557115,-17.832369942196536
6694.6586019153965,-17.630057803468212
6729.737061913077,-17.326589595375722
6764.999324913864,-17.1242774566474
6800.44635400291,-16.669075144508675
6836.079117311709,-16.56791907514451
6871.898588044538,-16.416184971098268
6907.905744505043,-16.264450867052027
6944.101570122952,-16.01156069364162
6980.487053480937,-15.910404624277461
7017.0631883416145,-15.809248554913296
7053.830973674687,-15.657514450867055
7090.791413684226,-15.606936416184972
7127.945517836102,-15.505780346820814
7165.29430088555,-15.404624277456648
7202.838782904888,-15.252890173410407
7240.579989311377,-15.101156069364166
7278.518950895228,-14.949421965317924
7316.6567038477515,-14.848265895953759
7354.994289789662,-14.7471098265896
7393.532755799524,-14.576408959537574
7432.273154442354,-14.46050096339114
7471.216543798362,-14.342485549132952
7510.3639874918545,-14.190751445086704
7549.716554720282,-14.039017341040463
7589.275320283445,-13.887283236994222
7629.041364612841,-13.634393063583815
7669.015773801183,-13.43208092485549
7709.199639632056,-12.875722543352602
7749.594059609736,-12.622832369942195
7790.200136989171,-12.420520231213871
7831.018980806108,-12.218208092485554
7872.051705907383,-11.965317919075147
7913.299432981372,-11.5606936416185
7954.763288588599,-11.105491329479769
7996.444405192504,-10.751445086705203
8038.3439211903715,-9.891618497109828
8080.462980944426,-9.638728323699425
8122.8027348130845,-9.335260115606939
8165.364339182374,-8.880057803468208
8208.14895649752,-8.020231213872833
8251.157755294686,-7.716763005780347
8294.391910232898,-7.26156069364162
8337.852602126126,-6.806358381502893
8381.541017975525,-6.502890173410407
8425.458351001866,-6.199421965317921
8469.605800678117,-5.643063583815032
8513.984572762209,-5.418497109826593
8558.595879329963,-5.010838150289018
8603.4409388082,-4.9124919717405255
8648.520976008012,-4.94389663379803
8693.83722215822,-5.093027456647398
8739.390914938993,-5.407032755298651
8785.183298515665,-5.466040462427745
8831.215623572703,-5.497279836790209
8877.489147347875,-5.592485549132949
8924.005133666577,-5.744219653179194
8970.764852976363,-5.815028901734106
9017.769582381638,-5.950144508670519
9065.020605678534,-6.098265895953759
9112.51921338998,-6.3904945407835605
9160.266702800947,-6.698226031492922
9208.264377993877,-6.890655105973025
9256.513549884301,-7.1064547206165685
9305.015536256646,-7.489161849710985
9353.771661800221,-7.600620852065941
9402.783258145406,-7.868497109826592
9452.051663900009,-8.121387283236995
9501.578224685836,-8.323699421965319
9551.364293175438,-8.526011560693643
9601.41122912906,-9.082369942196532
9651.720399431773,-9.284682080924856
9702.293178130809,-9.588150289017342
9753.13094647309,-9.942196531791907
9804.235092942949,-10.245664739884393
9855.60701330006,-10.599710982658962
9907.248110617553,-10.751445086705203
9959.159795320333,-10.852601156069365
10011.343485223608,-10.962553405378237
10063.800605571609,-10.980145765267654
10116.532589076514,-10.650289017341041
10169.540875957584,-10.512348922753546
10222.826913980492,-10.326589595375726
10276.39215849687,-10.228805394990367
10330.238072484055,-10.486883059137394
10384.366126585046,-10.767007558915072
10438.777799148671,-10.862716763005785
10493.474576269962,-10.872832369942198
10548.457951830747,-10.785163776493256
10603.729427540447,-10.838150289017339
10659.290512977093,-10.962953231739359
10715.142725628555,-11.018129269574356
10771.287590933987,-10.802023121387286
10827.726642325493,-10.585916973200213
10884.461421270003,-10.852601156069365
10941.493477311378,-10.953757225433527
10998.82436811273,-10.82925744775456
11056.455659498964,-10.783056358381504
11114.388925499548,-11.399390720199971
11172.625748391494,-11.677942722017871
11231.167718742585,-12.010276172125884
11290.016435454805,-12.413294797687861
11349.173505808018,-13.300246375438263
11408.64054550386,-13.935596583556212
11468.419178709872,-14.566276031356402
11528.511038103852,-15.291489199878313
11588.917764918455,-17.17485549132948
11649.641008986015,-18.338150289017342
11710.682428783603,-19.19797687861272
11772.043691478326,-20.007225433526017
11833.726472972861,-21.6257225433526
11895.73245795123,-22.73843930635838
11958.063339924802,-24.559248554913296
12020.720821278557,-25.31791907514451
12083.70661331758,-26.376481578793722
12147.022436313795,-26.980537449268233
12210.670019552954,-28.226156069364166
12274.651101381864,-28.686930537866175
12338.967429255867,-29.80089916506102
12403.620759786567,-30.045634317006396
12468.612858789806,-30.450158141563968
12533.94550133389,-30.621079817980572
12599.620471788074,-30.04977520873475
12665.639563871293,-30.31026861611697
12732.004580701154,-30.327343553656704
12798.717334843182,-30.410907263131442
12865.779648360329,-31.195086705202314
12933.193352862729,-31.24434531289269
13000.960289557732,-31.38068610203569
13069.082309300187,-31.335713476141905
13137.561272642995,-31.033236994219656
13206.399049887921,-30.729768786127167
13275.597521136679,-30.325144508670526
13345.15857634228,-29.869942196531795
13415.084115360654,-29.51589595375723
13485.37604800253,-29.36416184971098
13556.036294085607,-28.706647398843934
13627.066783486982,-28.099710982658962
13698.469456195864,-25.671965317919074
13770.246262366552,-24.963872832369944
13842.399162371705,-23.90173410404625
13914.930126855876,-23.345375722543352
13987.841136789342,-21.87861271676301
14061.134183522208,-21.221098265895954
14134.811268838788,-19.552023121387286
14208.874405012282,-18.89450867052023
14283.32561485974,-18.28757225433526
14358.166931797297,-17.88294797687861
14433.400399895725,-16.416184971098268
14509.028073936248,-15.885115606936417
14585.05201946667,-15.44051836658587
14661.474312857787,-15.792933059854562
14738.297041360096,-16.22366212940519
14815.522303160804,-16.771862763378707
14893.152207441131,-17.901339989490282
14971.188874433921,-18.371868978805395
15049.634435481543,-18.60789980732178
15128.49103309411,-18.408397559409124
15207.760821007987,-17.876779923868604
15287.445964244624,-17.784200385356456
15367.548639169678,-17.225433526011564
15448.07103355246,-17.2507225433526
15529.015346625683,-17.72037572254336
15610.383789145533,-18.354465784076083
15692.178583452043,-18.872832369942195
15774.401963529794,-19.29647094615151
15857.056175068928,-19.716401734104046
15940.143475526487,-19.150289017341038
16023.666134188059,-17.835919277963697
16107.626432229767,-17.27769749518304
16192.026662780565,-16.810859471240413
16276.869130984875,-16.374727565621157
16362.156154065538,-15.55635838150289
16447.890061387112,-15.228249592411444
16534.07319451948,-14.969346645647228
16620.707907301803,-14.841040462427749
16707.79656590683,-14.627890173410407
16795.341548905493,-14.284414472275742
16883.34524733189,-13.977199743095703
16971.810064748584,-13.854768786127174
17060.73841731225,-13.867052023121389
17150.13273383966,-14.039017341040463
17239.995455874025,-14.190751445086704
17330.32903775168,-14.342485549132952
17421.135946669106,-14.544797687861276
17512.418662750333,-14.7471098265896
17604.179679114655,-14.949421965317924
17696.421501944744,-15.101156069364166
17789.146650555078,-15.202312138728324
17882.357657460765,-15.30346820809249
17976.057068446706,-15.354046242774565
18070.247442637126,-15.354046242774565
18164.931352565465,-15.404624277456648
18260.11138424464,-15.55635838150289
18355.79013723768,-15.960982658959537
18451.970224728724,-16.16329479768786
18548.654273594388,-16.517341040462426
18645.844924475514,-16.669075144508675
18743.544831849285,-17.073699421965323
18841.756664101737,-17.073699421965323
18940.483103600625,-17.72037572254336
19039.72684676869,-18.089858118759857
19139.490604157312,-18.40040017785683
19239.77710052052,-18.67240512691631
19340.58907488943,-19.1396176078257
19441.929280647044,-19.37431651304484
19543.800485603453,-20.029985549132952
19646.205472071433,-20.468208092485554
19749.14703694243,-21.3751848366716
19852.62799176296,-21.54985549132948
19956.65116281139,-21.507707129094413
20061.219391175127,-21.46134393063584
20166.33553282822,-21.516785237883504
20272.002458709358,-21.627745664739884
20378.223054800284,-21.777456647398843
20485.000222204624,-21.764262377481785
20592.336877227106,-21.604046242774565
20700.23595145322,-21.388804380894435
20808.70039182929,-21.836960217613054
20917.73316074295,-22.101156069364166
21027.337236104067,-21.78443292804465
21137.515611426054,-21.943874696997952
21248.27129590765,-22.02402456647399
21359.607314515095,-22.01770231213873
21471.526708064754,-22.39248554913295
21584.03253330616,-22.47290462427746
21697.12786300551,-22.766175647958235
21810.81578602958,-22.957610789980734
21925.099407430094,-23.19364161849711
22039.981848528532,-23.395953757225435
22155.466247001368,-24.002890173410407
22271.55575696578,-24.20520231213873
22388.253549065783,-24.508670520231213
22505.562810558837,-24.710982658959537
22623.486745402894,-24.862716763005785
22742.028574343894,-25.014450867052027
22861.191535003753,-25.166184971098268
22980.978881968764,-25.46965317919075
23101.393886878504,-25.8742774566474
23222.439838515184,-26.22832369942197
23344.120042893464,-27.239884393063583
23466.437823350767,-27.846820809248555
23589.396520638027,-28.04913294797688
23712.99949301094,-28.20086705202312
23837.250116321677,-28.50433526011561
23962.151784111105,-28.747109826589593
24087.707907701453,-29.161849710982665
24213.921916289488,NaN
24340.797257040173,NaN
24468.337395180813,NaN
24596.545814095713,NaN
24725.42601542129,NaN
24854.981519141733,NaN
24985.215863685135,NaN
25116.132606020125,NaN
25247.73532175303,NaN
25380.027605225518,NaN
25513.01306961278,NaN
25646.695347022214,NaN
25781.078088592607,NaN
25916.164964593874,NaN
26051.959664527294,NaN
26188.465897226273,NaN
26325.687390957653,NaN
26463.627893523524,NaN
26602.29117236359,NaN
26741.681014658076,NaN
26881.80122743114,NaN
27022.655637654872,NaN
27164.24809235381,NaN
27306.582458710007,NaN
27449.662624168654,NaN
27593.492496544255,NaN
27738.076004127357,NaN
27883.41709579184,NaN
28029.519741102762,NaN
28176.38793042479,NaN
28324.025675031175,NaN
28472.43700721331,NaN
28621.625980390858,NaN
28771.596669222465,NaN
28922.353169717044,NaN
29073.89959934565,NaN
29226.240097153917,NaN
29379.37882387514,NaN
29533.31996204388,NaN
29688.06771611021,NaN
29843.626312554552,NaN
