frequency,raw,error,smoothed,error_smoothed,equalization,equalized_raw,equalized_smoothed,target
20,-18.498938511078844,-20.14678226654819,-18.481440056158313,-20.129268464960546,5.999999999999999,-12.498938511078844,-12.481440056158313,1.647843755469347
21,-17.809812221662536,-19.457637017680714,-17.79762336987891,-19.445450520047956,6.0,-11.809812221662536,-11.79762336987891,1.6478247960181784
22,-17.12386758982276,-18.7716675883081,-17.137000093006503,-18.7848124054119,6.0,-11.123867589822758,-11.137000093006503,1.6477999984853424
23,-16.43157456270373,-18.079342519345705,-16.49957022554109,-18.147354121052373,5.999999999999999,-10.43157456270373,-10.499570225541088,1.6477679566419732
24,-15.897283619695996,-17.54501063103484,-15.885333767482647,-17.53307566696936,5.999999999999998,-9.897283619695997,-9.88533376748265,1.647727011338847
25,-15.293835343833921,-16.941510562894095,-15.294834970320007,-16.942522770969486,6.000000000000001,-9.29383534383392,-9.294834970320007,1.647675219060174
26,-14.715292130894936,-16.362902449074934,-14.727360887877317,-16.37498103237964,6.0,-8.715292130894936,-8.727360887877317,1.6476103181799977
27,-14.232124436696385,-15.879654129896675,-14.18231997357026,-15.829857335998067,6.0,-8.232124436696385,-8.18231997357026,1.647529693200291
28,-13.633582944518173,-15.28101328002953,-13.659008284191541,-15.30644515497056,6.0,-7.633582944518173,-7.6590082841915414,1.6474303355113573
29,-13.158639413665016,-14.805948216590284,-13.156787282855134,-14.80410233264484,6.000000000000001,-7.158639413665015,-7.1567872828551335,1.6473088029252683
30,-12.707362301577914,-14.354523477679662,-12.67546474052061,-14.322632560681495,6.0,-6.7073623015779145,-6.67546474052061,1.6471611761017466
31,-12.176905409232493,-13.823888421830635,-12.215203869670619,-13.862194305485414,5.999999999999999,-6.176905409232494,-6.21520386967062,1.6469830125981426
32,-11.76705939968886,-13.413828698105341,-11.776473984697649,-13.423251626857507,5.999999999999999,-5.76705939968886,-5.77647398469765,1.6467692984164817
33,-11.376016263842793,-13.022530660902987,-11.35980004275035,-13.00632371751832,6.0,-5.376016263842793,-5.359800042750351,1.6465143970601943
34,-11.002653184084975,-12.648865180259413,-10.965396434456544,-12.611618589901072,5.999999999999998,-5.002653184084977,-4.9653964344565455,1.6462119961744381
35,-10.566823849581029,-12.212678901297108,-10.59284960044155,-12.238715643226387,6.000000000000001,-4.566823849581028,-4.592849600441549,1.645855051716079
36,-10.164524999006318,-11.809960728817211,-10.240893432675445,-11.886340962264189,5.999999999999998,-4.16452499900632,-4.240893432675447,1.6454357298108935
37,-9.895665021256773,-11.540610367606932,-9.907389086953614,-11.552347045073834,6.0,-3.8956650212567734,-3.9073890869536143,1.6449453463501595
38,-9.58876592827891,-11.233140232721375,-9.589528741013101,-11.233916491507582,6.000000000000001,-3.5887659282789093,-3.5895287410131003,1.6443743044424641
39,-9.338820191092298,-10.98253222094558,-9.284209526679884,-10.927935865105116,6.0,-3.3388201910922977,-3.2842095266798843,1.643712029853282
40,-9.044915522573092,-10.68786242716168,-8.988481844611545,-10.631443946302607,5.999999999999999,-3.044915522573093,-2.988481844611546,1.6429469045885874
41,-8.656452002718687,-10.298518201528221,-8.699944702290743,-10.342027006883209,5.999999999999998,-2.656452002718689,-2.699944702290745,1.642066198809533
42,-8.44468537018441,-10.085741371470673,-8.416990295373418,-10.058063324485484,6.000000000000003,-2.4446853701844065,-2.4169902953734157,1.6410560012862638
43,-8.147869943821846,-9.78777109245836,-8.138859466567615,-9.778778572392469,6.000000000000001,-2.1478699438218447,-2.138859466567614,1.6399011486365138
44,-7.851306608196633,-9.489891761829146,-7.865534066039826,-9.50413810790052,5.999999999999999,-1.8513066081966336,-1.8655340660398272,1.6385851536325138
45,-7.5595520972600925,-9.1966422301682,-7.59753806196521,-9.234648009808417,5.999999999999997,-1.5595520972600951,-1.5975380619652126,1.6370901329081073
46,-7.348062927945522,-8.983459662403725,-7.33572571058466,-8.971143175251068,5.999999999999999,-1.3480629279455227,-1.3357257105846605,1.6353967344582032
47,-7.134960914848253,-8.768444980246526,-7.081108086970366,-8.714613777635147,6.0,-1.1349609148482527,-1.0811080869703664,1.6334840653982736
48,-6.830368247762921,-8.461697868309336,-6.834728800166714,-8.466080910045465,6.000000000000001,-0.8303682477629204,-0.8347288001667135,1.6313296205464143
49,-6.589270100968625,-8.218179313475629,-6.59757045126381,-8.226502973156563,5.999999999999999,-0.5892701009686263,-0.5975704512638105,1.6289092125070037
50,-6.344584822628522,-7.97078172670434,-6.370471319638382,-7.9966922936445135,5.999999999999999,-0.34458482262852286,-0.37047131963838265,1.626196904075818
51,-6.15403661825574,-7.777201562208367,-6.154052508322764,-7.777242205053525,6.0,-0.15403661825574044,-0.1540525083227644,1.6231649439526268
52,-5.940387066636534,-7.560170773574674,-5.948679593493789,-7.5684886373091835,5.999999999999998,0.05961293336346429,0.051320406506209615,1.61978370693814
53,-5.7336124804932895,-7.349634120497921,-5.7544886947400595,-7.370536132992501,6.000000000000001,0.26638751950671136,0.24551130525994136,1.616021640004631
54,-5.604037221477488,-7.215882437335485,-5.57148499333606,-7.1833563192668874,6.0,0.39596277852251216,0.4285150066639396,1.611845215857997
55,-5.417436544868464,-7.024655440713209,-5.399680198470888,-7.006925337293484,6.000000000000001,0.5825634551315373,0.6003198015291131,1.6072188958447455
56,-5.2038069537285985,-6.805912058017318,-5.239197577533734,-6.841328847347871,6.000000000000002,0.7961930462714033,0.7608024224662682,1.6021051042887193
57,-5.134069795381583,-6.730534011936328,-5.0902649523771615,-6.686755013867451,5.999999999999998,0.8659302046184152,0.9097350476228367,1.5964642165547454
58,-4.9346399576924505,-6.5248945210053275,-4.9530513380916155,-6.543331149435989,6.0,1.0653600423075495,1.0469486619083845,1.5902545633128775
59,-4.788850005538098,-6.372282459137095,-4.827372517473096,-6.410829313465142,6.000000000000001,1.2111499944619029,1.172627482526905,1.5834324535989968
60,-4.73349046719727,-6.309442686513851,-4.712365576621533,-6.288340893616331,6.0,1.26650953280273,1.2876344233784671,1.575952219316581
61,-4.5323409689853005,-6.1001072527679305,-4.606277181620879,-6.1740649524561695,5.982872284384573,1.4505313153992727,1.3765951027636945,1.5677662837826305
62,-4.532340888308248,-6.091166145081578,-4.506498902531975,-6.065343647950012,5.9465830578977705,1.4142421695895226,1.4400841553657955,1.5588252567733307
63,-4.431766136418162,-5.980844194679909,-4.409911189535778,-5.959006334721295,5.892054482831752,1.4602883464135905,1.482143293295974,1.5490780582617476
64,-4.331191507662742,-5.869663580319701,-4.313488174001258,-5.851974520578478,5.820238523686583,1.4890470160238412,1.5067503496853245,1.5384720726569596
65,-4.230617101403149,-5.7575704362588365,-4.215009860732074,-5.741974245622771,5.732012929615793,1.5013958282126447,1.517003068883719,1.5269533348556874
66,-4.13004299340497,-5.644509742222045,-4.113670116263518,-5.628144289593301,5.628144289593302,1.4981012961883318,1.5144741733297842,1.514466748817075
67,-4.079756521934407,-5.580712860626285,-4.010383951542196,-5.511343705968654,5.511343705968656,1.4315871840342487,1.50095975442646,1.5009563386918772
68,-3.8988509074975406,-5.385216439309143,-3.9076829955916157,-5.394047578124432,5.3940475781244315,1.4951966706268909,1.4863645825328158,1.486365531811602
69,-3.8283212856839817,-5.298958757796214,-3.8092134300081586,-5.279845265001389,5.279845265001389,1.451523979317407,1.4706318349932301,1.4706374721122324
70,-3.627171312048688,-5.080886673927262,-3.718969255361735,-5.17267400585924,5.17267400585924,1.545502693810552,1.4537047504975051,1.4537153618785736
71,-3.6271686996614867,-5.062711528761453,-3.640462340298721,-5.075989335287511,5.075989335287511,1.4488206356260247,1.4355269949887903,1.4355428290999663
72,-3.522117869952107,-4.9381821872285725,-3.576027995219028,-4.992071049981847,4.9920710499818455,1.4699531800297385,1.4160430547628176,1.4160643172764655
73,-3.5369828229148785,-4.932208317166873,-3.526400399415385,-4.921599048909917,4.921599048909916,1.3846162259950372,1.3951986494945308,1.3952254942519944
74,-3.546683494027945,-4.919657170640608,-3.4905996597451114,-4.863540812554465,4.863540812554464,1.316857318526519,1.3729411528093527,1.3729736766126637
75,-3.4259829954675283,-4.77524126186233,-3.4660912427523156,-4.815311247187317,4.815311247187317,1.389328251719789,1.3492200044350016,1.349258266394802
76,-3.4259774000984162,-4.75000859739748,-3.4491362024086323,-4.773123308465686,4.773123308465686,1.3471459083672697,1.3239871060570536,1.3240311972990644
77,-3.4259842302908226,-4.723231618572955,-3.4352509031806484,-4.732448132175435,4.732448132175435,1.3064639018846123,1.2971972289947864,1.2972473882821323
78,-3.4260120008832877,-4.6948772041321085,-3.419719527440119,-4.688528041870283,4.688528041870282,1.2625160409869944,1.2688085144301633,1.2688652032488212
79,-3.4289213778478107,-4.667768294369997,-3.398124177510536,-4.636907333334476,4.636907333334478,1.2079859554866674,1.238783155823942,1.2388469165221871
80,-3.381082896255104,-4.588242080986711,-3.366857144486543,-4.573945390087751,4.573945390087751,1.1928624938326466,1.2070882456012075,1.2071591847316068
81,-3.3257018751254224,-4.49947540173933,-3.323559637066815,-4.497256175768928,4.497256175768929,1.171554300643507,1.1736965387021145,1.1737735266139078
82,-3.3258336280451637,-4.464500440888386,-3.267410299279338,-4.405996971359164,4.405996971359164,1.080163343314,1.1385866720798257,1.1386668128432222
83,-3.2313444444098267,-4.333166212670873,-3.1991888454111135,-4.300931224699225,4.300931224699226,1.069586780289399,1.1017423792881123,1.101821768261047
84,-3.1131657157720363,-4.1763932044181225,-3.121077684791169,-4.184228392843477,4.184228392843479,1.0710626770714424,1.0631507080523095,1.0632274886460862
85,-3.0241864313166618,-4.047066404656993,-3.0362296530980544,-4.059029917074401,4.059029917074401,1.0348434857577393,1.0228002639763467,1.022879973340331
86,-2.9130580153409786,-3.8938406889024866,-2.9481976391319344,-3.9288793092298433,3.928879309229843,1.0158212938888642,0.9806816700979084,0.980782673561508
87,-2.822203958094441,-3.7591510121477327,-2.8603613900427094,-3.7971542238691445,3.797154223869145,0.9749502657747038,0.9367928338264355,0.9369470540532916
88,-2.8213450783278864,-3.7127382412050673,-2.7754795015283573,-3.666629758728675,3.666629758728675,0.8452846804007885,0.8911502572003176,0.891393162877181
89,-2.654435544293656,-3.498585745010103,-2.695444617797957,-3.5392488053753146,3.5392488053753137,0.8848132610816579,0.8438041875773568,0.8441502007164474
90,-2.617613182130034,-3.4128702593185967,-2.6212506250743397,-3.416101469969755,3.4161014699697545,0.7984882878397204,0.7948508448954148,0.7952570771885625
91,-2.6161009193299547,-3.360863856884412,-2.5531218639933084,-3.297553346936837,3.2975533469368363,0.6814524276068816,0.7444314829435279,0.7447629375544573
92,-2.4317123321741545,-3.1244399713058133,-2.4907276426926463,-3.1834362724336547,3.183436272433654,0.7517239402594993,0.6927086297410074,0.6927276391316588
93,-2.412694284956925,-3.0519164379246817,-2.4334135199558644,-3.073230081667896,3.073230081667896,0.6605357967109713,0.6398165617120317,0.6392221529677569
94,-2.412707395835146,-2.9970362590756694,-2.3804099614292498,-2.9662051144840906,2.9662051144840915,0.5534977186489454,0.5857951530548418,0.5843288632405232
95,-2.3135257436381247,-2.84166747839509,-2.3310067220027877,-2.861536110083464,2.8615361100834638,0.5480103664453391,0.5305293880806761,0.5281417347569652
96,-2.316796605198283,-2.7875629233406913,-2.2846919224214295,-2.758416393872648,2.7584163938726474,0.44161978867436424,0.4737244714512179,0.4707663181424082
97,-2.221840226219148,-2.6341597893345217,-2.2412478822781354,-2.656190599373592,2.6561905993735917,0.4343503731544436,0.41494271709545627,0.41231956311537354
98,-2.2301961218086928,-2.583125534646774,-2.2007841627769698,-2.554495397962115,2.554495397962115,0.32429927615342224,0.35371123518514525,0.3529294128380811
99,-2.1409762851732497,-2.433710441999777,-2.163687978907086,-2.453370776387442,2.4533707763874424,0.3123944912141927,0.2896827974803564,0.29273415682652715
100,-2.155422390319744,-2.387303916617159,-2.130491779515246,-2.353297752007598,2.3532977520075984,0.19787536168785458,0.22280597249235257,0.23188152629741499
101,-2.072281558891796,-2.2428090828876703,-2.101690590956335,-2.2551371265590348,2.255137126559036,0.18285556766723987,0.15344653560270105,0.17052752399587412
102,-2.092395154877781,-2.20123014510915,-2.0775693404965514,-2.159978002898494,2.159978002898494,0.06758284802071302,0.08240866240194267,0.10883499023136878
104,-2.014111250839488,-1.999118543344136,-2.0581026105796703,-2.0689345437473157,2.0689345437473157,0.054823292907827614,0.010831933167645413,-0.014992707495351976
105,-2.0379107055030428,-1.9609747389730625,-2.042958732094424,-1.9829390851071031,1.9829390851071031,-0.05497162039593961,-0.06001964698732065,-0.07693596652998025
106,-2.062427848355002,-1.9238441600662095,-2.031588782544283,-1.9025668249005045,1.902566824900504,-0.1598610234544977,-0.12902195764377877,-0.1385836882887923
107,-2.0324248705185792,-1.8326576223020017,-2.023335946575794,-1.8279039993226518,1.827903999322652,-0.2045208711959272,-0.19543194725314206,-0.19976724821657754
108,-2.009597511560405,-1.749275195786692,-2.0174894645200876,-1.7584561469044604,1.7584561469044604,-0.2511413646559446,-0.2590333176156272,-0.2603223157737129
109,-2.031144124544829,-1.7110529776232788,-2.013242141984894,-1.6930986903734246,1.6930986903734246,-0.3380454341714043,-0.3201434516114694,-0.32009114692155016
110,-2.008336558302232,-1.6294117339571583,-2.0095768451537896,-1.63009480750627,1.6300948075062696,-0.37824175079596234,-0.3794820376475201,-0.3789248243450736
111,-1.965524862874999,-1.5288394865073218,-2.0051704892247915,-1.5672260017597155,1.5672260017597157,-0.39829886111528334,-0.43794448746507575,-0.43668537636767724
112,-1.9780133337190968,-1.484765627163816,-1.9984246079922845,-1.5020743944344743,1.5020743944344748,-0.47593893928462205,-0.4963502135578097,-0.4932477065552807
113,-1.986889340863488,-1.43838807048996,-1.9876891872645202,-1.4324506438892979,1.4324506438892972,-0.5544386969741908,-0.5552385433752229,-0.5485012703735279
114,-1.9921929616178893,-1.3898415187382456,-1.9716530642704022,-1.356889126928245,1.356889126928245,-0.6353038346896442,-0.6147639373421572,-0.6023514428796437
115,-1.994152351832427,-1.3394318198155202,-1.9497730239036288,-1.2750667443105619,1.2750667443105623,-0.7190856075218646,-0.6747062795930665,-0.6547205320169067
117,-1.9931527839980352,-1.2328916627402493,-1.9225584730941434,-1.1879834275213956,1.1879834275213956,-0.8051693564766396,-0.7345750455727478,-0.7602611212577859
118,-1.9127376316176143,-1.1043568138597954,-1.8915554553970626,-1.0977945016479584,1.0977945016479582,-0.8149431299696561,-0.7937609537491044,-0.8083808177578189
119,-1.7892269548124804,-0.9343815457398779,-1.8589803490748973,-1.0072978844936873,1.0072978844936868,-0.7819290703187936,-0.8516824645812104,-0.8548454090726025
120,-1.7765100635674649,-0.8768559699783951,-1.827097583279516,-0.9192107187938339,0.9192107187938338,-0.8572993447736311,-0.9078868644856822,-0.8996540935890698
121,-1.7690451795468252,-0.8262232369796711,-1.7975527750125542,-0.8354630233768481,0.8354630233768481,-0.9335821561699771,-0.9620897516357061,-0.942821942567154
123,-1.7612532823831102,-0.7294763018361192,-1.7709069314723855,-0.756745224395581,0.7567452243955811,-1.004508057987529,-1.0141617070768043,-1.031776980546991
124,-1.7534918194040408,-0.6830330417249899,-1.7465490385877427,-0.6824621741088341,0.6824621741088344,-1.0710296452952064,-1.0640868644789083,-1.0704587776790508
125,-1.7460071963593506,-0.6383905086499362,-1.7230213282496065,-0.6111011495141396,0.6111011495141397,-1.1349060468452108,-1.111920178735467,-1.1076166877094145
126,-1.7389416341387298,-0.5956225777746667,-1.6986347222982023,-0.5408744058350156,0.5408744058350154,-1.1980672283037144,-1.157760316463187,-1.1433190563640632
128,-1.6905912931416158,-0.47212638797307793,-1.672146556395812,-0.47040634140509097,0.4704063414050912,-1.2201849517365246,-1.2017402149907208,-1.218464905168538
129,-1.6256688061771072,-0.37548678750210374,-1.6432595690541247,-0.3992342412297391,0.39923424122973916,-1.226434564947368,-1.2440253278243856,-1.2501820186750034
130,-1.6200143977277117,-0.33931912383753704,-1.6127804047580765,-0.3279744277207143,0.3279744277207144,-1.2920399700069973,-1.284805977037362,-1.2806952738901747
131,-1.6147926061538551,-0.30469996435488156,-1.5824088330929433,-0.25813285236738015,0.25813285236738015,-1.356659753786475,-1.324275980725563,-1.3100926417989736
133,-1.5094259468821938,-0.13651273933629815,-1.5542580407109878,-0.19165752847372913,0.19165752847372916,-1.3177684184084646,-1.3626005122372586,-1.3729132075458956
134,-1.5050886719226535,-0.10596528483155399,-1.5302827892305844,-0.13039755214879864,0.13039755214879867,-1.3746911197738547,-1.3998852370817856,-1.3991233870910995
135,-1.5012553244964142,-0.07675952291084709,-1.5117961165882305,-0.07563522157987802,0.07563522157987805,-1.425620102916536,-1.4361608950083524,-1.424495801585567
137,-1.4979875033159002,-0.01913002507779238,-1.4991981516174033,-0.027806527826538564,0.027806527826538557,-1.4701809754893618,-1.4713916237908649,-1.4788574782381079
138,-1.4953418225786146,0.00633294065549328,-1.4919554183615489,0.013549437358147842,-0.013549437358147846,-1.5088912599367625,-1.5055048557196968,-1.5016747632341079
140,-1.4933517337848918,0.0570653081113488,-1.488793379796366,0.04963735948685485,-0.049637359486854854,-1.5429890932717467,-1.5384307392832208,-1.5504170418962406
141,-1.4920126344256093,0.07907259941130285,-1.4880237128909939,0.08211110721808151,-0.08211110721808151,-1.5741237416436908,-1.5701348201090755,-1.5710852338369121
142,-1.4912733611963778,0.10001990694011553,-1.4879235461509235,0.1127077701733078,-0.11270777017330783,-1.6039811313696857,-1.6006313163242314,-1.5912932681364933
144,-1.4910356855595834,0.1426863918405008,-1.48710116977102,0.14287250785465855,-0.14287250785465852,-1.6339081934142419,-1.6299736776256784,-1.6337220774000842
145,-1.4911619057642038,0.161058548676541,-1.4848009333178402,0.17342841059821273,-0.17342841059821276,-1.6645903163624165,-1.658229343916053,-1.6522204544407448
147,-1.49148938744064,0.1989395714236184,-1.4811070893956262,0.20434471652038963,-0.20434471652038966,-1.6958341039610296,-1.6854518059160157,-1.6904289588642585
148,-1.4918501010076044,0.21558306351852208,-1.4770037288997178,0.23465904041950514,-0.23465904041950508,-1.7265091414271094,-1.7116627693192228,-1.7074331645261265
150,-1.4920928112588976,0.24976323464123973,-1.4742493338167217,0.26260194291620237,-0.2626019429162024,-1.7546947541751,-1.7368512767329243,-1.7418560459001373
151,-1.4467876007657152,0.31069332252527704,-1.4750469434437892,0.28594106627646987,-0.2859410662764699,-1.732728667042185,-1.760988009720259,-1.7574809232909923
153,-1.4902439489849038,0.2981905604531463,-1.4815415132500611,0.30250448821215226,-0.30250448821215226,-1.792748437197056,-1.7840460014622135,-1.78843450943805
154,-1.4949062021141668,0.3077844295487935,-1.495242708315355,0.3107740786655525,-0.3107740786655525,-1.8056802807797192,-1.8060167869809076,-1.8026906316629603
156,-1.4715590937077796,0.35881128757015524,-1.5165260613288387,0.31038806726668405,-0.31038806726668405,-1.7819471609744637,-1.8269141285955228,-1.8303703812779348
157,-1.4698380726903042,0.37333251391426714,-1.5443768194049294,0.3023870529679382,-0.30238705296793816,-1.7722251256582424,-1.8467638723728677,-1.8431705866045713
159,-1.5901459357418135,0.27751588122673576,-1.5764914173023263,0.28909356694559385,-0.2890935669455938,-1.8792395026874074,-1.8655849842479202,-1.8676618169685493
160,-1.6228186573860417,0.2560214676276362,-1.609748011767178,0.27362256998728396,-0.27362256998728396,-1.8964412273733258,-1.8833705817544621,-1.878840125013678
162,-1.712090472956753,0.18805265744756894,-1.6409328834517294,0.2591446151640881,-0.25914461516408815,-1.9712350881208411,-1.9000774986158175,-1.900143130404322
164,-1.6941637935848188,0.22524724672378538,-1.667512260569652,0.24811663227724298,-0.24811663227724295,-1.9422804258620618,-1.915628892846895,-1.9194110403086042
165,-1.6976360970694089,0.2299195290889704,-1.6882119107547924,0.24171691355178865,-0.2417169135517887,-1.9393530106211976,-1.929928824306581,-1.9275556261583793
167,-1.7024076012924099,0.24120745950659184,-1.7032257194612566,0.239657396444734,-0.23965739644473397,-1.9420649977371438,-1.9428831159059905,-1.9436150607990017
169,-1.7083128917713684,0.24939986817148285,-1.7140002893945694,0.24041870858911657,-0.2404187085891166,-1.9487316003604849,-1.954418997983686,-1.9577127599428512
170,-1.714989061666961,0.24747263771852213,-1.7226877745266407,0.24180964180679773,-0.2418096418067977,-1.9567987034737586,-1.9644974163334383,-1.962461699385483
172,-1.7218852984354671,0.25149047960021353,-1.7314677190937346,0.24164778246740057,-0.2416477824674006,-1.9635330809028677,-1.9731155015611352,-1.9733757780356806
174,-1.7185965701041002,0.26385486976414985,-1.7419683252573313,0.23833250531540617,-0.23833250531540606,-1.9569290754195063,-1.9803008305727374,-1.98245143986825
175,-1.7144303678851682,0.2692698653001955,-1.7549589581779808,0.23114302369902662,-0.23114302369902653,-1.9455733915841948,-1.9861019818770074,-1.9837002331853637
177,-1.7668035211367557,0.22301908187177255,-1.7703668006562308,0.2202135245108892,-0.22021352451088919,-1.9870170456476448,-1.99058032516712,-1.9898226030085282
179,-1.837561403452434,0.1567860373768648,-1.787543536977753,0.20626267880491472,-0.20626267880491464,-2.0438240822573484,-1.9938062157826677,-1.9943474408292987
181,-1.8347864920623191,0.16261107924832707,-1.8056253239572264,0.1902345440836269,-0.19023454408362694,-2.025021036145946,-1.9958598680408532,-1.9973975713106462
183,-1.8273407550566747,0.17176696425573446,-1.8238214480167927,0.1730131834841174,-0.1730131834841174,-2.0003539385407922,-1.99683463150091,-1.9991077193124092
184,-1.8150924409290807,0.18028978414372743,-1.84153037701053,0.1553089282272147,-0.15530892822721468,-1.9704013691562954,-1.9968393052377447,-1.9953822250728082
186,-1.8239384837045545,0.1712342781046925,-1.858282446304336,0.1377143796547481,-0.13771437965474814,-1.9616528633593027,-1.9959968259590841,-1.995172761809247
188,-1.8928761914251042,0.101173395243084,-1.873597113081428,0.1208415282663034,-0.1208415282663034,-2.0137177196914076,-1.9944386413477313,-1.9940495866681882
190,-1.8770314456657384,0.11513896524627643,-1.8868794306976704,0.10541680325454439,-0.10541680325454438,-1.9824482489202828,-1.9922962339522148,-1.9921704109120149
192,-1.8817216070317375,0.10796665057574639,-1.89745210534885,0.09224038853261202,-0.09224038853261202,-1.9739619955643495,-1.989692493881462,-1.989688257607484
194,-1.9458243225720977,0.04092277062252969,-1.9047442668888794,0.0819912614804946,-0.0819912614804946,-2.0278155840525924,-1.986735528369374,-1.9867470931946274
196,-1.9316755475276384,0.051802064119223834,-1.908574151700427,0.07494208917426226,-0.07494208917426226,-2.0066176367019004,-1.9835162408746894,-1.9834776116468622
198,-1.919607805585404,0.060385606656910396,-1.909409022812929,0.07070030359371245,-0.07070030359371246,-1.9903081091791164,-1.9801093264066414,-1.9799934122423144
200,-1.9100233852584767,0.06636441039367624,-1.908484013118554,0.06809200668170459,-0.06809200668170459,-1.9781153919401813,-1.9765760198002587,-1.976387795652153
202,-1.903078225262837,0.06965314757115904,-1.9077092627257817,0.06525726321502451,-0.06525726321502452,-1.9683354884778617,-1.9729665259408062,-1.9727313728339961
204,-1.898707420838324,0.07036321777353449,-1.9093667714253901,0.059953832716594505,-0.0599538327165945,-1.9586612535549184,-1.9693206041419846,-1.9690706386118584
206,-1.896674350915988,0.06875325829077927,-1.9156631677375022,0.050002710198903524,-0.05000271019890353,-1.9466770611148916,-1.9656658779364058,-1.9654276092067673
208,-1.896630384190912,0.0651701792646473,-1.9282400201971075,0.033774521454011754,-0.033774521454011754,-1.9304049056449237,-1.9620145416511192,-1.9618005634555593
210,-1.926451049190472,0.03171481545737209,-1.9477453120584607,0.010614535245777138,-0.010614535245777136,-1.9370655844362492,-1.9583598473042378,-1.9581658646478441
212,-2.0014554164650664,-0.046974638726417606,-1.9735490888426748,-0.01887519897691904,0.018875198976919045,-1.9825802174881473,-1.9546738898657556,-1.9544807777386488
214,-2.0049241018401287,-0.05423696274413681,-2.0036577554095985,-0.05274993220027162,0.052749932200271625,-1.9521741696398571,-1.9509078232093269,-1.950687139095992
216,-2.008752581735635,-0.06203689512645738,-2.034854464644154,-0.08785951821706672,0.08785951821706675,-1.9208930635185684,-1.9469949464270873,-1.9467156866091777
218,-2.012534616368684,-0.07004379626980817,-2.063066885575563,-0.12021053598768298,0.12021053598768298,-1.892324080381001,-1.9428563495878801,-1.942490820098876
221,-2.1164108606406526,-0.1773426623880252,-2.0839304607102442,-0.1455222553735927,0.1455222553735927,-1.97088860526706,-1.9384082053366516,-1.9390681982526274
223,-2.1240317566880043,-0.18999718735673543,-2.093470618634358,-0.15990115529725013,0.15990115529725007,-1.9641306013907542,-1.9335694633371079,-1.9340345693312688
225,-2.119619875174485,-0.19108307471607744,-2.088779551846795,-0.1605108471318346,0.16051084713183464,-1.9591090280426504,-1.9282687047149605,-1.9285368004584076
227,-2.1184674687787832,-0.19594671039999056,-2.068533295976953,-0.14608405639265282,0.14608405639265282,-1.9723834123861304,-1.9224492395843003,-1.9225207583787927
229,-2.053322756217101,-0.13737535113725885,-2.033206233028894,-0.11713416257662887,0.11713416257662886,-1.9361885936404721,-1.916072070452265,-1.9159474050798422
232,-1.9874637240010764,-0.07788389477759994,-1.9849034946845345,-0.07578658517088004,0.07578658517088005,-1.9116771388301963,-1.9091169095136544,-1.9095798292234765
234,-1.9008192268841764,0.0009767261990831777,-1.92683656903611,-0.025254734205384516,0.025254734205384512,-1.8755644926787918,-1.9015818348307254,-1.9017959530832595
236,-1.8437875808761208,0.04966148676505644,-1.8625811474724303,0.03090112199827978,-0.030901121998279775,-1.8746887028744006,-1.89348226947071,-1.8934490676411773
239,-1.7842758440881783,0.10092318937640377,-1.7953345252213362,0.089515244048197,-0.089515244048197,-1.8737910881363753,-1.8848497692695332,-1.885199033464582
241,-1.695755383322969,0.1800486943840527,-1.7273967082324968,0.14833403243327453,-0.14833403243327453,-1.8440894157562435,-1.8757307406657713,-1.8758040777070217
244,-1.6396761300159444,0.22685433525436904,-1.6600257865582662,0.20615909066111737,-0.20615909066111732,-1.8458352206770616,-1.8661848772193834,-1.8665304652703134
246,-1.6209488714963105,0.23540013981632257,-1.5936883018244803,0.26259467496596073,-0.26259467496596073,-1.8835435464622712,-1.856282976790441,-1.856349011312633
248,-1.5582319700880427,0.2876784040325566,-1.5285865716402678,0.3175173626912936,-0.3175173626912936,-1.8757493327793364,-1.8461039343315613,-1.8459103741205993
251,-1.4761413526782037,0.3595892066384023,-1.4652490600711592,0.37048194550906044,-0.37048194550906033,-1.846623298187264,-1.8357310055802194,-1.835730559316606
253,-1.424818053095768,0.40018651961430596,-1.4049533861401184,0.42029435143611926,-0.42029435143611926,-1.8451124045318872,-1.8252477375762377,-1.8250045727100739
256,-1.3804483383702402,0.43419482133579157,-1.3498198273748492,0.46491427873963853,-0.4649142787396386,-1.8453626171098787,-1.8147341061144877,-1.8146431597060317
259,-1.253438257173345,0.5508570503021812,-1.3025374807439967,0.5017258479373302,-0.5017258479373302,-1.755164105110675,-1.8042633286813268,-1.8042953074755261
261,-1.2262542849050555,0.5674660708412982,-1.2658163660107435,0.5280832239258003,-0.5280832239258004,-1.754337508830856,-1.793899589936544,-1.7937203557463537
264,-1.2248646229606752,0.558761910283692,-1.2417486612137532,0.5419479884264835,-0.5419479884264834,-1.7668126113871585,-1.7836966496402367,-1.7836265332443673
266,-1.2261897211904986,0.54726123159007,-1.2312820633399548,0.5424150683029365,-0.5424150683029364,-1.768604789493435,-1.7736971316428911,-1.7734509527805686
269,-1.2292799927107687,0.5345091784883755,-1.233956303168406,0.5299759749716825,-0.5299759749716824,-1.759255967682451,-1.7639322781400883,-1.7637891711991442
272,-1.2330483939707464,0.5213205616711596,-1.2479554212695323,0.5064666380209522,-0.506466638020952,-1.7395150319916985,-1.7544220592904844,-1.754368955641906
274,-1.2363958888451076,0.5085892602844484,-1.2704250127720058,0.4747506510808249,-0.4747506510808249,-1.7111465399259327,-1.7451756638528306,-1.744985149129556
277,-1.3483576756502835,0.3877280080275525,-1.297934419602471,0.43825804724321854,-0.43825804724321843,-1.786615722893502,-1.7361924668456894,-1.736085683677836
280,-1.3714023863288394,0.35602599526094236,-1.3269489390289182,0.40051459586404703,-0.400514595864047,-1.7719169821928864,-1.7274635348929652,-1.7274283815897817
283,-1.3357635139945143,0.38323543893942014,-1.3542128410087062,0.36476077108705074,-0.36476077108705085,-1.7005242850815652,-1.718973612095757,-1.7189989529339345
286,-1.3300486908889848,0.38073027965768347,-1.3770075507714088,0.33369584263018237,-0.33369584263018237,-1.6637445335191672,-1.7107033934015912,-1.7107789705466683
288,-1.4055170029812172,0.29708354386433555,-1.3933081183487994,0.3093236952227885,-0.3093236952227885,-1.7148406982040056,-1.7026318135715879,-1.7026005468455527
291,-1.4720892917549517,0.2226598651121825,-1.4018860297734275,0.2928520660168361,-0.2928520660168362,-1.764941357771788,-1.6947380957902638,-1.6947491568671342
294,-1.4018414569694522,0.2852049051378791,-1.4023873415835997,0.28461605842891635,-0.2846160584289163,-1.6864575153983685,-1.687003400012516,-1.6870463621073313
297,-1.3869654664206414,0.2925110125047832,-1.3953670266096032,0.28404501282883243,-0.28404501282883243,-1.6710104792494738,-1.6794120394384358,-1.6794764789254246
300,-1.3743194510535888,0.2977086281065786,-1.3822156616013255,0.28973667521278645,-0.28973667521278645,-1.6640561262663751,-1.6719523368141118,-1.6720280791601674
303,-1.36251797760768,0.30217683928041317,-1.364906121740876,0.2997111154639641,-0.29971111546396423,-1.6622290930716441,-1.6646172372048402,-1.664694816888093
306,-1.3521636158181256,0.3053123258475312,-1.3455342554023488,0.31187052047122854,-0.31187052047122854,-1.664034136289354,-1.6574047758735775,-1.6574759416656568
309,-1.3436704857123782,0.30670603342465164,-1.3257202565173518,0.3245981835466172,-0.3245981835466172,-1.6682686692589954,-1.650318440063969,-1.6503765191370299
312,-1.3372465819787678,0.3061608039787762,-1.3060379894358518,0.3373294086141102,-0.3373294086141102,-1.6745759905928779,-1.643367398049962,-1.643407385957544
316,-1.1518687552467255,0.4847906106799851,-1.2856932725769252,0.3508732532060349,-0.35087325320603496,-1.5027420084527605,-1.6365665257829602,-1.6366593659267106
319,-1.176670017918934,0.45332955607670167,-1.2626366053095037,0.3672995465951321,-0.3672995465951319,-1.5439695645140659,-1.6299361519046356,-1.6299995739956357
322,-1.290074342091335,0.3334593467781177,-1.2341658740934882,0.3893355872652458,-0.38933558726524575,-1.6794099293565807,-1.623501461358734,-1.6235336888694527
325,-1.3024495586889753,0.31484105103011295,-1.1978898796350141,0.41940165201633683,-0.4194016520163367,-1.7218512107053119,-1.6172915316513508,-1.6172906097190882
328,-1.2617481213751969,0.34955332601910793,-1.152756419616101,0.4585815906486601,-0.4585815906486601,-1.720329712023857,-1.6113380102647612,-1.6113014473943048
332,-1.0985648953379423,0.5070843027343872,-1.0997774043125315,0.5058960604820399,-0.5058960604820399,-1.6044609558199823,-1.6056734647945714,-1.6056491980723295
335,-1.0340435463216835,0.5662158686325105,-1.0421545990387675,0.5581748451487513,-0.5581748451487512,-1.5922183914704346,-1.6003294441875187,-1.600259414954194
338,-0.9539158522337604,0.6412992193795523,-0.9847094103313023,0.6106248730775297,-0.6106248730775293,-1.5645407253112897,-1.5953342834088318,-1.5952150716133127
342,-0.8924631289987115,0.6981168615595541,-0.9327750622211743,0.6579356097904772,-0.6579356097904772,-1.5503987387891887,-1.5907106720116515,-1.5905799905582656
345,-0.8370228166596742,0.74926273501185,-0.8909161435749866,0.6955568545948607,-0.6955568545948608,-1.532579671254535,-1.5864729981698473,-1.5862855516715242
349,-0.8367634545260495,0.7456514489436269,-0.8619105646149964,0.720713917091294,-0.720713917091294,-1.5574773716173436,-1.5826244817062904,-1.5824149034696764
352,-0.8353415572994206,0.743545571057134,-0.8463279530412502,0.7328261746276941,-0.7328261746276941,-1.5681677319271148,-1.5791541276689443,-1.5788871283565546
356,-0.8326317852132956,0.7431115676467055,-0.8428041949651308,0.7332293724900072,-0.7332293724900072,-1.5658611577033028,-1.576033567455138,-1.5757433528600011
359,-0.8285854987825159,0.7442899786616646,-0.8488422461266345,0.7243716557556836,-0.7243716557556836,-1.5529571545381995,-1.5732139018823181,-1.5728754774441804
363,-0.9291171148642002,0.6411543576134345,-0.8617791233602662,0.7088435878861299,-0.7088435878861296,-1.6379607027503298,-1.5706227112463957,-1.5702714724776348
366,-0.9776905705180392,0.5900917005725612,-0.8795271473238866,0.6886342945960771,-0.6886342945960772,-1.6663248651141163,-1.5681614419199637,-1.5677822710906004
370,-0.9123068549082144,0.6530266512727617,-0.9008324143855636,0.6648709949620957,-0.6648709949620956,-1.57717784987031,-1.5657034093476592,-1.565333506180976
374,-0.8630824568537162,0.6996636832986337,-0.9250304574978216,0.6380622107625145,-0.6380622107625146,-1.5011446676162308,-1.563092668260336,-1.56274614015235
377,-0.8338664772606755,0.7259517934412759,-0.9515098042930783,0.608634186471118,-0.608634186471118,-1.4425006637317934,-1.5601439907641963,-1.5598182707019514
381,-0.9493161542601634,0.6070614627370743,-0.9792151210057118,0.5774290418494088,-0.5774290418494088,-1.5267451961095722,-1.5566441628551206,-1.5563776169972376
385,-1.0264865848421845,0.5256794566869007,-1.0064811993730403,0.5458735631548821,-0.5458735631548821,-1.5723601479970666,-1.5523547625279224,-1.5521660415290852
389,-1.136643617912366,0.41028047675182,-1.0313110851834728,0.5157054349591588,-0.5157054349591588,-1.6523490528715248,-1.5470165201426316,-1.546924094664186
393,-1.0933337511337675,0.4470425616447038,-1.0519821956197497,0.4883730912004287,-0.4883730912004288,-1.5817068423341962,-1.5403552868201786,-1.5403763127784713
397,-1.0717019483628945,0.4605367057034033,-1.0676907725968583,0.46439878020165526,-0.4643987802016553,-1.5361007285645498,-1.5320895527985137,-1.5322386540662978
401,-1.072332425855395,0.4498949894241042,-1.078907213318781,0.4430321558065633,-0.44303215580656324,-1.5153645816619583,-1.5219393691253442,-1.5222274152794992
405,-1.0745661579408643,0.4355032488027124,-1.087230167826605,0.42240626961923233,-0.42240626961923233,-1.4969724275600966,-1.5096364374458373,-1.5100694067435767
409,-1.07774002645475,0.41777304290918216,-1.0947442625143058,0.40019078623702753,-0.4001907862370275,-1.4779308126917776,-1.4949350487513333,-1.4955130693639322
413,-1.080852631933273,0.39748749979030773,-1.103108856357598,0.37451462098037475,-0.3745146209803748,-1.4553672529136477,-1.4776234773379726,-1.4783401317235807
417,-1.0825932766775073,0.37578405692202677,-1.1127354734724917,0.3447999012098095,-0.3447999012098095,-1.4273931778873168,-1.4575353746823012,-1.458377333599534
421,-1.0814174072788008,0.3540902823609724,-1.122392842725536,0.31216781967814,-0.31216781967814006,-1.3935852269569409,-1.4345606624036762,-1.4355076896397732
425,-1.0756703862575128,0.3340103518140649,-1.129418221085254,0.27923717599859,-0.27923717599859005,-1.3549075622561029,-1.408655397083844,-1.4096807380715777
430,-1.218713706722498,0.16221456933079614,-1.1304784706704507,0.24937160523084267,-0.24937160523084265,-1.4680853119533406,-1.3798500759012933,-1.3809282760532942
434,-1.2112046896252149,0.13813752847250949,-1.1226104669158514,0.22564540735259386,-0.22564540735259386,-1.4368500969778086,-1.3482558742684452,-1.3493422180977244
438,-1.1170109544353632,0.1981114791148364,-1.1041637733170164,0.20990458417591545,-0.20990458417591543,-1.3269155386112788,-1.314068357492932,-1.3151224335501996
443,-1.080383647189834,0.19816999812013814,-1.0753098378283772,0.20225845086155675,-0.2022584508615567,-1.2826420980513906,-1.2775682886899338,-1.2785536453099722
447,-1.0353925109192668,0.20459544539947405,-1.0379518835231052,0.20116737937780643,-0.20116737937780643,-1.2365598902970731,-1.2391192629009116,-1.2399879563187408
451,-0.9831391600524194,0.21673496818476468,-0.9950972535915714,0.20406477421177052,-0.20406477421177058,-1.18720393426419,-1.199162027803342,-1.199874128237184
456,-0.925356234168412,0.23337321457789606,-0.949947706021143,0.20825779121310992,-0.20825779121310994,-1.133614025381522,-1.158205497234253,-1.158729448746308
460,-0.8642303905864946,0.2528848420574016,-0.9050484417555934,0.21176617480020765,-0.21176617480020762,-1.0759965653867023,-1.116814616555801,-1.1171152326438962
465,-0.8021559057632085,0.2734975694005485,-0.86178578405996,0.21380960603323643,-0.2138096060332364,-1.0159655117964448,-1.0755953900931963,-1.075653475163757
470,-0.8175639646712397,0.21741414635136025,-0.8203652574216782,0.21481226518262297,-0.21481226518262306,-1.0323762298538628,-1.0351775226043012,-1.0349781110226
474,-0.8852877828808744,0.11044204667199986,-0.780207604906592,0.2159876472974841,-0.21598764729748407,-1.1012754301783585,-0.9961952522040761,-0.9957298295528743
479,-0.7724300724773674,0.18611423172725572,-0.7405518820363196,0.21871517360348158,-0.21871517360348158,-0.991145246080849,-0.9592670556398012,-0.9585443042046231
484,-0.6855425263678447,0.23846798994973017,-0.7010093492466731,0.223965634184394,-0.22396563418439402,-0.9095081605522388,-0.9249749834310672,-0.9240105163175749
489,-0.6448957191489666,0.24776831911347785,-0.6618775695703939,0.23196685844200132,-0.23196685844200132,-0.876862577590968,-0.8938444280123952,-0.8926640382624444
494,-0.6102182371722267,0.2547457672524589,-0.6241596044111296,0.2421655350470191,-0.2421655350470191,-0.8523837722192458,-0.8663251394581487,-0.8649640044246856
499,-0.5812254302268443,0.26005029206600283,-0.5893689228462546,0.25340535599084263,-0.2534053559908426,-0.8346307862176868,-0.8427742788370972,-0.8412757222928471
504,-0.5576959312612841,0.26416017080140775,-0.5592728534345126,0.264169385180326,-0.26416938518032607,-0.8218653164416102,-0.8234422386148387,-0.8218561020626919
509,-0.539685799330929,0.2671567595128821,-0.5357078890625322,0.2727539755150098,-0.2727539755150098,-0.8124397748459388,-0.808461864577542,-0.8068425588438111
514,-0.5276483809513246,0.2685975311315649,-0.520508218723013,0.2773333694400226,-0.27733336944002257,-0.8049817503913472,-0.7978415881630356,-0.7962459120828895
519,-0.5224224795316722,0.2675251718665349,-0.5154807720851249,0.27598205506874934,-0.2759820550687494,-0.7984045346004216,-0.7914628271538743,-0.7899476513982071
524,-0.525080799443207,0.2626209640129732,-0.5223002678209092,0.2667815751864227,-0.2667815751864227,-0.7918623746296296,-0.7890818430073319,-0.7877017634561801
529,-0.5366638843292586,0.25247724426731355,-0.5422253078272081,0.24811075434744978,-0.24811075434744984,-0.7847746386767085,-0.790336062174658,-0.7891411285965722
535,-0.5578542651213714,0.23593536825896,-0.5756440003777876,0.21911068434501568,-0.2191106843450157,-0.7769649494663871,-0.7947546847228033,-0.7937896333803314
540,-0.5886640405529303,0.2124075457494622,-0.6215924773428205,0.18018074748731866,-0.18018074748731863,-0.7688447880402489,-0.8017732248301391,-0.8010715863023925
545,-0.6282115772616474,0.18212668474620952,-0.6774786395133289,0.13327282302791524,-0.13327282302791518,-0.7614844002895627,-0.8107514625412441,-0.810338262007857
551,-0.6746479104316654,0.14623657482500008,-0.7392269717397124,0.08176717049939516,-0.08176717049939516,-0.7564150809310606,-0.8209941422391076,-0.8208844852566655
556,-0.8273588518314015,0.0046100318374391325,-0.8019251805016894,0.02984845685022671,-0.029848456850226707,-0.8572073086816282,-0.8317736373519161,-0.8319688836688406
562,-0.9980300976910867,-0.1551844681207637,-0.8608463968496742,-0.018492678634557773,0.01849267863455778,-0.9795374190565289,-0.8423537182151164,-0.842845629570323
568,-0.9294564741885196,-0.07667489088702295,-0.9125319170934357,-0.06051840257409993,0.06051840257409991,-0.8689380716144197,-0.8520135145193358,-0.8527815833014967
573,-0.9693934685058492,-0.1083100843539172,-0.9555425360494062,-0.09547177864699771,0.09547177864699773,-0.8739216898588514,-0.8600707574024085,-0.861083384151932
579,-1.0042275219181556,-0.1371058939565175,-0.990572920831571,-0.12466950160541654,0.12466950160541655,-0.879558020312739,-0.8659034192261544,-0.867121627961638
585,-1.0292102094902251,-0.15886456452036102,-1.0198539674146658,-0.15088502753063876,0.15088502753063876,-0.8783251819595863,-0.868968939884027,-0.8703456449698641
591,-1.0438618069475756,-0.17355861427414765,-1.0460532670565201,-0.17723293321668976,0.17723293321668976,-0.8666288737308858,-0.8688203338398304,-0.8703031926734279
596,-1.0368040953302624,-0.17015242664545638,-1.0710975108823972,-0.2059789037614394,0.20597890376143943,-0.830825191568823,-0.8651186071209578,-0.866651668684806
602,-0.9241790340862529,-0.0650101680618077,-1.0953805192200634,-0.2377394473080302,0.23773944730803023,-0.6864395867782227,-0.8576410719120332,-0.8591688660244452
608,-1.0149094400912675,-0.167156063534452,-1.1176607000999095,-0.27137537924442307,0.27137537924442307,-0.7435340608468444,-0.8462853208554864,-0.8477533765568155
615,-1.3393204095205076,-0.5068934647187276,-1.1356583836394365,-0.3045895780223661,0.3045895780223661,-1.0347308314981416,-0.8310688056170704,-0.8324269448017799
621,-1.268393230580115,-0.4550661407075416,-1.1470666988228213,-0.33494255243068716,0.3349425524306872,-0.9334506781494278,-0.812124146392134,-0.8133270898725735
627,-1.1727229716438292,-0.3820219833795365,-1.1505235656430397,-0.36083309302742483,0.36083309302742483,-0.8118898786164044,-0.7896904726156149,-0.7907009882642927
633,-1.143853009224398,-0.37896200899965016,-1.1461327903957,-0.38203153791690936,0.3820315379169093,-0.7618214713074887,-0.7641012524787907,-0.7648910002247478
639,-1.1106569464561244,-0.37433730248043995,-1.1353465054285727,-0.39957730241443484,0.39957730241443484,-0.7110796440416896,-0.7357692030141378,-0.7363196439756845
646,-1.0726853541896213,-0.3672132192797891,-1.1203167466381383,-0.4151477689956984,0.4151477689956983,-0.657537585193923,-0.70516897764244,-0.7054721349098322
652,-0.9404538518889732,-0.26757798081418327,-1.103050446933458,-0.43023204720634056,0.4302320472063405,-0.5102218046826328,-0.6728183997271175,-0.67287587107479
659,-1.059958128731194,-0.42087535686633093,-1.084760648108201,-0.44550160207263556,0.44550160207263556,-0.6144565266585585,-0.6392590460355655,-0.6390827718648632
665,-1.2475797185907684,-0.642932547811604,-1.0656831030980423,-0.4606461210029988,0.4606461210029988,-0.7869335975877696,-0.6050369820950434,-0.6046471707791644
672,-1.0811044608184497,-0.510995127297294,-1.045392922101962,-0.47470850890726257,0.4747085089072625,-0.6063959519111872,-0.5706844131946995,-0.5701093335211557
679,-1.0309163959457004,-0.4949398408540915,-1.0234274733669766,-0.4867245303526295,0.48672453035262947,-0.5441918655930709,-0.5367029430143471,-0.5359765550916089
686,-0.9854279264162916,-0.4827184694275958,-0.9999036477414551,-0.4963546167587595,0.49635461675875947,-0.48907330965753215,-0.5035490309826957,-0.5027094569886958
692,-0.9476579974186056,-0.47694845872196195,-0.9758492782387722,-0.5042271629987588,0.5042271629987587,-0.4434308344198469,-0.4716221152400135,-0.4707095386966436
699,-0.9201013801642058,-0.47979036221341165,-0.9531131700388278,-0.5118574427953185,0.5118574427953185,-0.4082439373688873,-0.44125572724350925,-0.4403110179507942
706,-0.9043498155002719,-0.49257576710847084,-0.9338980142184997,-0.5211862402473674,0.5211862402473674,-0.38316357525290456,-0.41271177397113235,-0.4117740483918011
713,-0.9240200293622054,-0.5387368937684333,-0.9200980178090539,-0.533920005842516,0.533920005842516,-0.3901000235196894,-0.3861780119665379,-0.38528313559377214
721,-0.989287417215809,-0.6283395539863285,-0.9126738285649904,-0.5509052369349487,0.5509052369349489,-0.4383821802808602,-0.3617685916300415,-0.3609478632294806
728,-0.8786056581745179,-0.5397996486922199,-0.9112609369271091,-0.5717335197073885,0.5717335197073885,-0.30687213846712935,-0.3395274172197206,-0.33880600948229805
735,-0.8503683234288958,-0.5315377763178744,-0.9141168326230928,-0.5946828784706022,0.5946828784706022,-0.2556854449582936,-0.31943395415249065,-0.3188305471110214
742,-0.8786827381188083,-0.577745494938421,-0.9184094348673014,-0.6169984095036767,0.6169984095036766,-0.2616843286151317,-0.30141102536362485,-0.3009372431803873
750,-0.9131613613698906,-0.6281668137831218,-0.9207640380739085,-0.6354299618689017,0.6354299618689018,-0.2777313995009888,-0.2853340762050067,-0.2849945475867688
757,-0.9930366268179877,-0.7222029007183581,-0.917930130534361,-0.6468887760188546,0.6468887760188546,-0.346147850799133,-0.27104135451550637,-0.2708337260996295
765,-0.9616427074462256,-0.7033822773216947,-0.907408499882915,-0.6490640506055715,0.6490640506055716,-0.312578656840654,-0.25834444927734346,-0.258260430124531
773,-0.9134033021772292,-0.6663386608698032,-0.8878945448320067,-0.6408558885755258,0.6408558885755259,-0.2725474136017033,-0.2470386562564808,-0.24706464130742595
780,-0.8560768333508684,-0.619045925578302,-0.859443146308086,-0.6225304569751104,0.6225304569751106,-0.2335463763757578,-0.2369126893329755,-0.23703090777256638
788,-0.8074158984169244,-0.5794685739678804,-0.8233338869159696,-0.5955765591577836,0.5955765591577837,-0.21183933925914067,-0.2277573277581859,-0.22794732444904392
796,-0.7778694366197436,-0.5582570416813879,-0.7816936968530342,-0.5623210195577055,0.5623210195577056,-0.21554841706203798,-0.2193726772953286,-0.21961239493835572
804,-0.6860559870570762,-0.474215009651327,-0.7369932269967795,-0.5254194055331495,0.5254194055331495,-0.16063658152392668,-0.21157382146363002,-0.21184097740574914
812,-0.6874002725019344,-0.4829322321773756,-0.6915527276170742,-0.48735798561284915,0.48735798561284904,-0.20004228688908532,-0.20419474200422516,-0.2044680403245588
820,-0.6774152781389227,-0.4800645898807873,-0.647168063816288,-0.4500775744192045,0.4500775744192044,-0.2273377037197183,-0.19709048939708362,-0.19735068825813534
828,-0.6237976175792136,-0.4334291509845837,-0.6049138169267139,-0.41477613753810116,0.41477613753810105,-0.20902148004111254,-0.1901376793886128,-0.19036846659462991
837,-0.5649553516467484,-0.3815331890036865,-0.5651243335083729,-0.3818908581374429,0.38189085813744283,-0.18306449350930554,-0.18323347537093004,-0.18342216264306188
845,-0.4743542207762514,-0.2979231359595921,-0.527517196837224,-0.3512239114551977,0.3512239114551977,-0.12313030932105368,-0.17629328538202627,-0.17643108481665928
853,-0.4757668615002504,-0.30643708258739727,-0.4914128053995409,-0.32216535150781866,0.3221653515078186,-0.15360150999243177,-0.1692474538917223,-0.1693297789128531
862,-0.4811682528101585,-0.3191046057110982,-0.45600762600423794,-0.29397036498402784,0.29397036498402784,-0.18719788782613067,-0.1620372610202101,-0.1620636470990603
871,-0.449859646780676,-0.29527533642999615,-0.42066052455919883,-0.266049969349499,0.26604996934949887,-0.18380967743117715,-0.15461055520969996,-0.15458431035067985
879,-0.39542804264522813,-0.24858293688151017,-0.3851419797650502,-0.2382246392255017,0.23822463922550166,-0.15720340341972647,-0.14691734053954855,-0.14684510576371795
888,-0.3301227192144185,-0.1913258453328987,-0.3497820294215335,-0.21087641072755509,0.2108764107275551,-0.11924630848686338,-0.1389056186939784,-0.1387968738815198
897,-0.3106570578918222,-0.1802730121030739,-0.3154541438713354,-0.18493639321190863,0.18493639321190863,-0.12572066467991355,-0.13051775065942678,-0.1303840457887483
906,-0.31742607770804304,-0.19588425618988262,-0.28336578831589,-0.1616782306553475,0.16167823065534748,-0.15574784705269556,-0.12168755766054251,-0.12154182151816043
915,-0.2629507728063812,-0.15075663407568526,-0.25469135423187783,-0.14235302620938534,0.14235302620938534,-0.12059774659699585,-0.1123383280224925,-0.11219413873069592
924,-0.22281960849184632,-0.12056688313799722,-0.23015483221940075,-0.12777299223789865,0.12777299223789867,-0.09504661625394764,-0.10238183998150208,-0.10225272535384909
933,-0.13143925700866427,-0.03982200657116776,-0.2097108235044987,-0.11799237033375032,0.11799237033375033,-0.013446886674913935,-0.09171845317074838,-0.09161725043749651
943,-0.12720177702544186,-0.04702519636108374,-0.19245486997016728,-0.11221660354556962,0.11221660354556964,-0.014985173479872216,-0.08023826642459764,-0.08017658066435812
952,-0.21418763296136495,-0.1463766565336518,-0.17681534294121232,-0.10899205393870767,0.10899205393870766,-0.10519557902265729,-0.06782328900250466,-0.06781097642771314
962,-0.22076135946466216,-0.16636595505851817,-0.1609687040982542,-0.1066181760157825,0.10661817601578247,-0.11414318344887969,-0.05435052808247173,-0.05439540440614399
971,-0.21357281610546736,-0.17376944005756606,-0.1433272870899624,-0.10363142853485963,0.10363142853485963,-0.10994138757060773,-0.03969585855510277,-0.039803376047901295
981,-0.12733118850810504,-0.10341952963781362,-0.12291846473793451,-0.09917995240793172,0.0991799524079317,-0.028151236100173338,-0.023738512330002806,-0.023911658870291418
991,-0.08770424442653926,-0.08109905610867023,-0.09952159143545804,-0.0931555878237233,0.0931555878237233,0.005451343397184033,-0.006366003611734741,-0.006605188317869033
1001,0.009696150581617873,-0.002521478801688015,-0.07353176496271313,-0.08605247138164579,0.08605247138164573,0.09574862196326361,0.012520706418932603,0.012217629383305888
1011,-0.016071193192275717,-0.04871085415528682,-0.045628928671126764,-0.07863093664908585,0.07863093664908585,0.06255974345681013,0.03300200797795909,0.03263966096301111
1021,-0.07004025426976124,-0.1247602036008984,-0.01639865197506298,-0.07153325806494912,0.07153325806494912,0.0014930037951878805,0.05513460608988614,0.05471994933113716
1031,-0.004974007221854406,-0.08346299261974098,0.0139498467842831,-0.06499699818439436,0.06499699818439436,0.060022990962539956,0.07894684496867746,0.07848898539788657
1041,0.025932730084261467,-0.07801180135107244,0.045684491689605505,-0.05875008670263066,0.05875008670263067,0.08468281678689213,0.10443457839223617,0.10394453143533391
1052,0.1480312984125949,0.016983142047595545,0.07947117156702196,-0.05208658437706311,0.05208658437706311,0.20011788278965803,0.1315577559440851,0.13104815636499936
1062,0.10056183423667558,-0.059160843866470775,0.1161806487422955,-0.04405722730813201,0.04405722730813202,0.1446190615448076,0.16023787605042752,0.15972267810314636
1073,0.12805275711615258,-0.06179776182795138,0.1566662869898277,-0.03369014731727152,0.03369014731727152,0.1617429044334241,0.19035643430709923,0.18985051894410396
1084,0.19335093375386134,-0.02792233252774609,0.2015727320451569,-0.02018173782227399,0.020181737822273994,0.21353267157613534,0.22175446986743091,0.22127326628160743
1094,0.24694665630470314,-0.00684567659706492,0.2511926643532414,-0.0030406194521504447,0.003040619452150446,0.2499872757568536,0.25423328380539184,0.25379233290176806
1105,0.3055616985726152,0.01839085219838027,0.30535691385042674,0.017800542277742075,-0.017800542277742075,0.28776115629487314,0.28755637157268465,0.28717084637423496
1116,0.3693760676386863,0.048239248518300915,0.3633420001850105,0.04188942293685157,-0.04188942293685156,0.32748664470183475,0.32145257724815895,0.3211368191203854
1128,0.4385880736965936,0.0832006115638807,0.42380442752209013,0.06818398678026202,-0.06818398678026201,0.3704040869163316,0.35562044074182814,0.3553874621327129
1139,0.5035695508944505,0.11397485767178167,0.48477890165648563,0.09504523043506884,-0.09504523043506888,0.4085243204593817,0.3897336712214168,0.3895946932226689
1150,0.3994176230488337,-0.023994011561146278,0.5437838751429898,0.12033623333484061,-0.12033623333484061,0.2790813897139931,0.42344764180814914,0.42341163460998
1162,0.6146924569246935,0.1582124034637219,0.5980544201707767,0.14164765683430852,-0.14164765683430858,0.47304480009038496,0.4564067633364681,0.45648005346097165
1173,0.7506440580434779,0.2622055373472534,0.6448809436989883,0.1566283834950475,-0.15662838349504749,0.5940156745484304,0.4882525602039408,0.4884385206962245
1185,0.7176179249662541,0.19868687459937162,0.6819947718968118,0.16336253119230762,-0.16336253119230762,0.5542553937739465,0.5186322407045042,0.5189310503668825
1197,0.7432047458514963,0.19558867811984493,0.7079270416548098,0.16071951223596576,-0.16071951223596578,0.5824852336155305,0.547207529418844,0.5476160677316514
1209,0.6921305221961265,0.11795515811821822,0.7222816476597921,0.14861813585507558,-0.1486181358550756,0.5435123863410509,0.5736635118047164,0.5741753640779083
1221,0.7042099799463073,0.1058871511018824,0.725891798853072,0.12817456643313235,-0.12817456643313233,0.576035413513175,0.5977172324199397,0.5983228288444249
1233,0.6937745477833801,0.07396187446160352,0.7208499375688084,0.10172414838935491,-0.1017241483893549,0.5920503993940252,0.6191257891794535,0.6198126733217766
1246,0.7140251925690293,0.07557829950876038,0.7104011898419742,0.0727075126763582,-0.07270751267635818,0.6413176798926711,0.637693677165616,0.6384468930602689
1258,0.7947171072925105,0.14063535883323885,0.6986805418257338,0.04540138514538575,-0.04540138514538575,0.7493157221471248,0.6532791566803481,0.6540817484592717
1271,0.7285956766744446,0.06196264830156084,0.6902768009292274,0.024477350183535806,-0.024477350183535803,0.7041183264909088,0.6657994507456916,0.6666330283728837
1283,0.6458578747782502,-0.030222113655008265,0.6896415028502931,0.014406887022429244,-0.014406887022429243,0.631450987755821,0.6752346158278639,0.6760799884332584
1296,0.5994460885083743,-0.08302169939652548,0.7004277074534585,0.01879773310569582,-0.018797733105695817,0.5806483554026786,0.6816299743477627,0.6824677879048998
1309,0.6935034863594152,0.007595067589893256,0.7249154962528332,0.03981844995956114,-0.039818449959561145,0.653685036399854,0.6850970462932721,0.6859084187695219
1322,0.7695581550946606,0.08297808551564301,0.7637116412611016,0.07789867382359278,-0.07789867382359278,0.6916594812710679,0.6858129674375089,0.6865800695790176
1335,0.8071871624566025,0.12246217023229322,0.8158628482387803,0.131844417568445,-0.131844417568445,0.6753427448881575,0.6840184306703353,0.6847249922243093
1349,0.8584045506732143,0.1777586028706002,0.8793952512803338,0.1993810190339418,-0.19938101903394181,0.6590235316392725,0.680014232246392,0.6806459478026141
1362,0.982424128144796,0.3077227590429331,0.952131514099762,0.2779749699874406,-0.2779749699874406,0.7044491581573553,0.6741565441123214,0.6747013691018628
1376,1.117925401798435,0.4506260185537926,1.032511838839369,0.3656607737045955,-0.3656607737045954,0.7522646280938396,0.6668510651347737,0.6672993832446424
1390,1.1563574438286612,0.49746653614702163,1.1201197879956157,0.4615735611478051,-0.46157356114780523,0.694783882680856,0.6585462268478105,0.6588909076816396
1404,1.2179700957723465,0.5680081061214282,1.2157114744949482,0.5659858316917818,-0.565985831691782,0.6519842640805645,0.6497256428031662,0.6499619896509183
1418,1.2545171082909827,0.6134915003077164,1.3207347380990537,0.6798347431088536,-0.6798347431088536,0.5746823651821291,0.6408999949902001,0.6410256079832664
1432,1.3856590196755607,0.7530458935577206,1.4365245321495714,0.8039259851161764,-0.8039259851161766,0.5817330345593841,0.6325985470333948,0.6326131261178402
1446,1.509865610475731,0.8846000303655365,1.5634855557108045,0.9381250922043796,-0.9381250922043793,0.5717405182713517,0.6253604635064252,0.6252655801101946
1461,1.700053822718219,1.0805288568648073,1.7005716420952064,1.0808455423953285,-1.0808455423953287,0.6192082803228902,0.6197260996998777,0.6195249658534117
1475,1.8632684914077375,1.2473428176924415,1.845248630772487,1.2290202219993205,-1.2290202219993207,0.6342482694084168,0.6162284087731662,0.6159256737152959
1490,2.03571947008982,1.4207332851965928,1.9939408559865845,1.3785562603150932,-1.3785562603150927,0.6571632097747271,0.6153845956714918,0.614986184893227
1505,2.16871495125716,1.5515138001789468,2.142790952183489,1.525102820618817,-1.525102820618817,0.6436121306383431,0.6176881315646721,0.6172011510782134
1520,2.3121322842927583,1.6890983494707101,2.288473920868344,1.6648726903383406,-1.6648726903383406,0.6472595939544177,0.6236012305300034,0.623033934822048
1535,2.4083062112327047,1.7753965066380057,2.428822732866628,1.795274850030244,-1.7952748500302442,0.6130313612024605,0.6335478828363839,0.632909704594699
1550,2.5666289361122616,1.919419773009131,2.5631194503239625,1.9152119134620136,-1.9152119134620136,0.651417022650248,0.6479075368619489,0.6472091631031307
1566,2.7298185935419768,2.0635555988083465,2.692030416087202,2.0250208920964763,-2.0250208920964763,0.7047977014455005,0.6670095239907257,0.6662629947336303
1582,2.79425048453692,2.1039033571354593,2.8172653554514966,2.1261370288269363,-2.1261370288269363,0.6681134557099835,0.6911283266245603,0.6903471274014604
1597,2.9456959455806935,2.2260170365842806,2.941089705035086,2.2206099081526594,-2.22060990815266,0.7250860374280337,0.7204797968824264,0.7196789089964127
1613,3.0536194784654134,2.299205164204633,3.06581847606002,2.310600035764308,-2.310600035764309,0.7430194427011045,0.7552184402957112,0.7544143142607802
1629,3.1893621537120485,2.3947158480937567,3.193388732313215,2.3979528501062233,-2.3979528501062237,0.7914093036058247,0.7954358822069914,0.794646305618292
1646,3.3483380558076687,2.5079335922673076,3.3250697425744273,2.483909110604227,-2.4839091106042264,0.8644289452034424,0.841160631970201,0.8404044635403612
1662,3.415102320529833,2.5234463137758056,3.4613384538233474,2.568979204813405,-2.5689792048134055,0.8461231157164275,0.8923592490099419,0.8916560067540273
1679,3.5854735433582663,2.6371652518763864,3.601922402505611,2.6529834090747615,-2.652983409074762,0.9324901342835044,0.9489389934308492,0.94830829148188
1696,3.722923548252831,2.7127106881405223,3.745986210398114,2.7352341993453324,-2.7352341993453324,0.9876893489074985,1.0107520110527815,1.0102128601123086
1713,3.896616603242576,2.81944555010909,3.8924094233620385,2.8148083650311917,-2.8148083650311917,1.0818082382113845,1.0776010583308469,1.0771710531334864
1730,4.120930938916384,2.9719897866807994,4.040079137320388,2.8908324197832496,-2.8908324197832505,1.2300985191331337,1.149246717537138,1.148941152235585
1747,4.208827535874656,2.983580584441931,4.188113301838986,2.9626973129476735,-2.962697312947673,1.246130222926983,1.2254159888913132,1.2252469514327247
1764,4.302514295818938,2.996726713440056,4.335948908808602,3.030136831664117,-3.030136831664117,1.272377464154821,1.305812077144485,1.3057875823788818
1782,4.439373614221911,3.049125269339317,4.483273187165565,3.0931480677094823,-3.093148067709483,1.3462255465124282,1.3901251194560822,1.390248344882594
1800,4.608876785539109,3.1305645633495507,4.629832804019035,3.1517892701055303,-3.1517892701055303,1.4570875154335785,1.4780435339135045,1.4783122221895582
1818,4.799629225618983,3.229957531498145,4.775204589200887,3.2059389804885523,-3.2059389804885523,1.5936902451304311,1.5692656087123344,1.5696716941208388
1836,4.93930111873753,3.275260705874093,4.918631699381863,3.2551207936044966,-3.2551207936044966,1.6841803251330338,1.6635109057773665,1.6640404128634376
1854,5.06204121693702,3.30087694598185,5.059011334462926,3.2984803105015423,-3.298480310501543,1.7635609064354774,1.760531023961383,1.76116427095517
1873,5.188807755258866,3.327976374298529,5.195067610827527,3.3349483512371565,-3.3349483512371565,1.8538594040217093,1.8601192595903706,1.8608313809603367
1892,5.318463250123436,3.3555827492239674,5.32567248275924,3.363553764208388,-3.3635537642083886,1.9549094859150475,1.962118718550851,1.9628805008994685
1911,5.449785283286643,3.382577804716839,5.45021274900415,3.3837842735749653,-3.383784273574965,2.0660010097116785,2.066428475429185,2.0672074785698045
1930,5.5815899187866345,3.4078205624583764,5.568867912385304,3.3958604714836635,-3.3958604714836635,2.185729447302971,2.1730074409016407,2.173769356328258
1949,5.7128633990698185,3.4302775324163486,5.682678455223035,3.400802768760753,-3.4008027687607534,2.312060630309065,2.281875686462282,2.28258586665347
1969,5.842886204444962,3.449148044944185,5.79334719663049,3.4002341147441344,-3.400234114744135,2.4426520897008275,2.3931130818863555,2.3937381595007774
1988,5.8707592903934325,3.363394563013812,5.9028099960291796,3.395954775660988,-3.3959547756609885,2.474804514732444,2.506855220368191,2.5073647273796205
2008,5.997767911921026,3.3741132868612977,6.012703178816827,3.389416446080513,-3.3894164460805136,2.6083514658405127,2.6232867327363136,2.6236546250597286
2028,6.023379080340171,3.280540864263555,6.123906254239868,3.3812740357371727,-3.381274035737173,2.642105044602998,2.742632218502695,2.742838216076616
2048,6.218149089107347,3.3529732887781263,6.2363236022397786,3.371178461788933,-3.3711784617889333,2.8469706273184134,2.8651451404508452,2.8651758003292205
2069,6.378517287941756,3.3875726981565792,6.3489872744990326,3.357892140559664,-3.357892140559664,3.020625147382092,2.9910951339393685,2.990944589785177
2090,6.510066944391223,3.3896423577434174,6.460443905652729,3.3396896399140883,-3.3396896399140887,3.1703773044771344,3.1207542657386407,3.1204245866478058
2111,6.639027235266048,3.385143256123535,6.569278117945996,3.3148952831101672,-3.314895283110167,3.324131952155881,3.254382834835829,3.253883979142513
2132,6.6374344381271735,3.245869737471623,6.674568560714718,3.2823532251379817,-3.2823532251379817,3.355081212989192,3.3922153355767364,3.3915647006555503
2153,6.742434532891814,3.20876573926288,6.776096431938247,3.2416492320399475,-3.241649232039947,3.5007853008518666,3.5344471998983,3.5336687936289337
2175,6.9053845484925205,3.2250383655231256,6.874221965027587,3.1929990647137356,-3.192999064713737,3.7123854837787835,3.68122290031385,3.680346182969395
2196,6.943263970093494,3.1115795742643257,6.969473072984476,3.136847142237002,-3.1368471422370012,3.806416827856493,3.832625930747475,3.8316843958291686
2218,7.014011999194017,3.0263113303695293,7.062000442954193,3.0733293508863064,-3.073329350886306,3.9406826483077113,3.9886710920678867,3.987700668824488
2240,7.161417201408618,3.013080432980069,7.1511041567130675,3.001804758153657,-3.001804758153657,4.159612443254961,4.14929939855941,4.148336768428549
2263,7.246678309616008,2.933221591820211,7.2350133991040515,2.920637602064865,-2.920637602064865,4.326040707551143,4.314375797039187,4.3134567177957965
2285,7.306962138540987,2.8241146517568145,7.311015738546102,2.8273259795282755,-2.827325979528276,4.479636159012712,4.483689759017826,4.4828474867841726
2308,7.353989578440574,2.697767014426092,7.375920677197972,2.718962001683677,-2.7189620016836775,4.6350275767568965,4.656958675514295,4.656222564014482
2331,7.443711723472324,2.610483520922582,7.426744695857281,2.592910834998796,-2.592910834998796,4.850800888473528,4.833833860858485,4.833228202549742
2355,7.531007257472425,2.51755524110356,7.461451084209472,2.4475422219728205,-2.4475422219728205,5.083465035499605,5.013908862236651,5.013452016368865
2378,7.539611519292114,2.343178006441562,7.479575856961249,2.282846176099911,-2.282846176099911,5.256765343192203,5.196729680861338,5.196433512850552
2402,7.442963276455077,2.061287199716195,7.482611167887461,2.1008047258754963,-2.1008047258754967,5.342158550579581,5.381806442011964,5.3816760767388825
2426,7.48642407041009,1.917764191563438,7.474079880059195,1.905453873361481,-1.9054538733614814,5.580970197048608,5.568626006697714,5.568659878846652
2450,7.5013869453739535,1.7445317804713403,7.459296419742247,1.7026314221525098,-1.70263142215251,5.798755523221443,5.756664997589738,5.756855164902613
2475,7.439494351242668,1.4937589633145594,7.444852648858353,1.4994499339934166,-1.4994499339934166,5.940044417249251,5.945402714864937,5.945735387928108
2500,7.399191679855673,1.2644020038932418,7.437890005058206,1.3035565639513456,-1.3035565639513456,6.095635115904328,6.13433344110686,6.134789675962431
2525,7.423224460777692,1.0996902878678343,7.445229899649237,1.1222522247871707,-1.1222522247871707,6.300972235990521,6.3229776748620665,6.3235341729098575
2550,7.4408694338576975,0.9293475846983696,7.472446292590737,0.961554406860465,-0.9615544068604649,6.479315026997233,6.510891885730272,6.511521849159328
2575,7.5030210504299095,0.8046706054510864,7.522985443906425,0.8253089981920196,-0.8253089981920195,6.67771205223789,6.697676445714405,6.698350444978823
2601,7.553253272932725,0.6695849932131148,7.597465926249253,0.7144844682573251,-0.7144844682573253,6.8387688046754,6.882981457991928,6.88366827971961
2627,7.651193880926933,0.5840161513128681,7.693312052084713,0.6268017801364899,-0.6268017801364899,7.024392100790443,7.066510271948223,7.067177729614065
2653,7.787264494054147,0.5386282503923194,7.8048615577880405,0.5568410179861756,-0.5568410179861756,7.230423476067972,7.248020539801865,7.248636243661828
2680,7.8685713087515685,0.4407164789684499,7.924024058556259,0.4967013244766187,-0.4967013244766187,7.37186998427495,7.42732273407964,7.427854829783119
2707,8.062436924654172,0.4577429232391568,8.041451308495027,0.4371752022119824,-0.4371752022119824,7.62526172244219,7.604276106283045,7.604694001415015
2734,8.223290098645718,0.4442328693349191,8.148040843531538,0.3692587175086372,-0.3692587175086372,7.854031381137081,7.778782126022901,7.779057229310799
2761,8.317255674010857,0.3663736775443365,8.236476807120829,0.2857013089946291,-0.28570130899462903,8.031554365016229,7.950775498126199,7.950881996466521
2789,8.366030125201199,0.24590151735050725,8.302463354111648,0.18225043951907854,-0.18225043951907857,8.18377968568212,8.12021291459257,8.120128607850692
2817,8.398773889093501,0.11200692529511436,8.34535660151838,0.058296840853905955,-0.05829684085390596,8.340477048239595,8.287059760664475,8.286766963798387
2845,8.354401127332796,-0.09636044095076457,8.368044830605186,-0.08323023052604589,0.08323023052604589,8.437631357858843,8.451275061131232,8.45076156828356
2873,8.358087352401991,-0.25396775988498277,8.376120054640584,-0.23667497031211357,0.23667497031211351,8.594762322714105,8.612795024952698,8.612055112286974
2902,8.349540700224638,-0.4210103474801645,8.376563356931237,-0.394952265920177,0.39495226592017696,8.744492966144815,8.771515622851414,8.770551047704803
2931,8.33212766420214,-0.5939679831581302,8.376273642036356,-0.5510010697469877,0.5510010697469876,8.883128733949128,8.927274711783344,8.92609564736027
2960,8.344851412400255,-0.7336087157680229,8.380775009339898,-0.6990592894421184,0.6990592894421184,9.043910701842373,9.079834298782016,9.078460128168278
2990,8.39159257769735,-0.835730914990247,8.393350063523316,-0.8355135462692563,0.8355135462692563,9.227106123966607,9.228863609792572,9.227323492687598
3020,8.387227036752785,-0.9850297759226567,8.414705578577138,-0.9592181122318654,0.9592181122318654,9.34644514898465,9.373923690809002,9.372256812675442
3050,8.411356368148558,-1.1013533615691316,8.443136567215738,-1.0713177449380364,1.0713177449380367,9.482674113086595,9.514454312153775,9.51270972971769
3080,8.499463805324412,-1.1485361696263823,8.475057877131215,-1.1747060879512958,1.174706087951296,9.674169893275709,9.649763965082512,9.647999974950794
3111,8.501378009474031,-1.2759286952969155,8.50573581109014,-1.273287915316699,1.2732879153166987,9.77466592479073,9.77902372640684,9.777306704770947
3142,8.5228878298618,-1.3767805761533989,8.530066529633089,-1.371199186234675,1.371199186234675,9.894087016096474,9.901265715867764,9.899668406015198
3174,8.562369845489982,-1.4516161920763437,8.543287397360675,-1.4720993812364707,1.4720993812364709,10.034469226726454,10.015386778597147,10.013986037566326
3206,8.584205230406589,-1.5348267130718014,8.541545031794248,-1.578612857658525,1.5786128576585252,10.162818088065114,10.120157889452774,10.11903194347839
3238,8.50748120586221,-1.7059836899986038,8.522264491193585,-1.6919751071039855,1.6919751071039855,10.199456312966195,10.21423959829757,10.213464895860813
3270,8.51882705403537,-1.7770243537643857,8.484269893988609,-1.8119337253826275,1.8119337253826275,10.330760779417997,10.296203619371237,10.295851407799756
3303,8.434484628434028,-1.9302085758934524,8.427612334536414,-1.936948086259014,1.9369480862590145,10.371432714693043,10.36456042079543,10.36469320432748
3336,8.329658952374652,-2.0888015107227247,8.3530844979213,-2.064707903927582,2.0647079039275824,10.394366856302234,10.417792401848882,10.418460463097377
3369,8.253846298145403,-2.201783850564242,8.261454860064747,-2.1929371082489766,2.192937108248976,10.44678340639438,10.454391968313724,10.455630148709645
3403,8.136869792367449,-2.3378586881533323,8.152537027659855,-2.3203665164940146,2.320366516494015,10.457236308861464,10.472903544153871,10.474728480520781
3437,7.974955349477367,-2.499420959784559,8.0243044049326,-2.4476639013832457,2.4476639013832453,10.422619250860611,10.471968306315846,10.474376309261926
3471,7.8398464864019095,-2.613489462825208,7.872335087628261,-2.5780351262474897,2.57803512624749,10.4178816126494,10.45037021387575,10.453335949227117
3506,7.653638243420626,-2.7569195921906955,7.689887496961114,-2.7171942406520775,2.717194240652077,10.370832484072704,10.40708173761319,10.410557835611321
3541,7.511273128553407,-2.8339521356316357,7.4688287926603545,-2.8724788012265146,2.872478801226514,10.38375192977992,10.341307593886869,10.345225264185043
3576,7.276304186597746,-2.9804912468179934,7.2014490922505905,-3.0510756647546224,3.051075664754623,10.327379851352369,10.252524757005213,10.25679543341574
3612,6.934023538124039,-3.211011515947037,6.8829166609540025,-3.257600412433246,3.257600412433245,10.191623950557284,10.140517073387247,10.145035054071077
3648,6.639799621949044,-3.3702492984937473,6.513830730930515,-3.491572199413758,3.4915721994137585,10.131371821362803,10.005402930344273,10.010048920442792
3685,6.245782835623106,-3.6065172124314104,6.102115305774569,-3.7455393335558584,3.7455393335558576,9.991322169178964,9.847654639330425,9.852300048054516
3721,5.694446808205651,-3.9781734594411677,5.663481340176792,-4.00462713144165,4.0046271314416515,9.699073939647302,9.668108471618442,9.672620267646819
3759,5.2839689473288916,-4.188241564979289,5.219937357345571,-4.24802726269154,4.24802726269154,9.53199621002043,9.467964620037112,9.47221051230818
3796,4.7882362149993405,-4.464394212955083,4.79633442503493,-4.452442316930996,4.452442316930994,9.240678531930335,9.248776741965923,9.252630427954424
3834,4.224227804035893,-4.791549553718886,4.415565611641219,-4.596865530012281,4.5968655300122805,8.821093334048173,9.0124311416535,9.015777357754779
3873,3.8557149539570097,-4.9081402236555025,4.093590039100112,-4.667526024303869,4.66752602430387,8.52324097826088,8.761116063403982,8.763855177612513
3911,3.5535678043275727,-4.945766066111174,3.835692973694599,-4.661588985917388,4.661588985917388,8.215156790244961,8.497281959611987,8.499333870438747
3950,3.3911906530624005,-4.83371044747655,3.635182011336057,-4.588411946046284,4.588411946046284,7.979602599108684,8.223593957382342,8.22490110053895
3990,3.5950314442253277,-4.348375922262985,3.4750673881599403,-4.467810665682061,4.467810665682061,8.062842109907388,7.942878053842001,7.943407366488312
4030,3.4612244031206827,-4.19658215192077,3.3323711592071703,-4.3256916434318615,4.3256916434318615,7.786916046552545,7.658062802639032,7.657806555041454
4070,3.397110356533928,-3.973983521129599,3.1838671095224162,-4.188251299950851,4.188251299950852,7.58536165648478,7.372118409473268,7.371093877663527
4111,3.263525383428464,-3.82271785427664,3.0115875608815057,-4.076407658617099,4.0764076586171,7.339933042045564,7.087995219498605,7.086243237705104
4152,2.9765736553475985,-3.8295723925782363,2.806533130859578,-4.002030421725094,4.002030421725094,6.978604077072693,6.808563552584673,6.806146047925835
4193,2.6171796223196697,-3.9163737759229926,2.5696587247094747,-3.966898006302653,3.966898006302652,6.584077628622322,6.536556731012126,6.533553398242662
4235,2.170136987406119,-4.100886283255472,2.310144583984719,-3.964374367152015,3.964374367152015,6.134511354558134,6.274518951136734,6.271023270661591
4278,1.8731635853091009,-4.147710640058648,2.0418335010281217,-3.982925886999789,3.982925886999788,5.856089472308889,6.02475938802791,6.0208742253677485
4321,1.6928411890167627,-4.092305466692209,1.7791854279820578,-4.0101281854993545,4.0101281854993545,5.702969374516117,5.789313613481412,5.785146655708972
4364,1.4419433899417076,-4.123628959860772,1.5339997036274466,-4.0359133642348315,4.0359133642348315,5.477856754176539,5.569913067862278,5.56557234980248
4407,1.3425121056090052,-4.02104061804476,1.3135619007819876,-4.054401058366862,4.054401058366861,5.396913163975866,5.367962959148849,5.363552723653766
4451,1.1682948621511038,-4.011850863902211,1.1200827604640282,-4.064445866096334,4.064445866096334,5.232740728247438,5.184528626560363,5.180145726053315
4496,0.919058789158262,-4.0970022898119955,0.9506998061519538,-4.069630252541933,4.0696302525419314,4.9886890417001934,5.020330058693885,5.0160610789702575
4541,0.7211042364311009,-4.1505589896891335,0.7972165584878406,-4.078527441719067,4.078527441719067,4.799631678150168,4.8757440002069075,4.871663226120234
4586,0.5986986072881884,-4.148282523522583,0.645241792815402,-4.105571070647646,4.105571070647647,4.7042696779358355,4.750812863463049,4.746981130810771
4632,0.4348937873106262,-4.206830114417773,0.4732503960910489,-4.172009071046614,4.172009071046613,4.606902858357239,4.645259467137662,4.641723901728399
4679,0.13047643017640098,-4.42482470670718,0.25287374930158324,-4.30563277585154,4.305632775851539,4.43610920602794,4.558506525153122,4.555301136883581
4725,-0.12222968708960202,-4.6090765484041105,-0.04804552838823884,-4.537745355839092,4.537745355839092,4.41551566874949,4.489699827450853,4.4868468613145085
4773,-0.3378393824048036,-4.773085370729394,-0.45872798090097405,-4.896462237288315,4.816052216460767,4.478212834055963,4.357324235559792,4.43524598832459
4820,-0.5726258441624168,-4.971788191677487,-0.9955602903643694,-5.396841525735111,5.111173473655559,4.538547629493142,4.11561318329119,4.3991623475150705
4868,-1.1839260391488615,-5.560993521642664,-1.6512553788893614,-6.030072953911619,5.434959877275285,4.251033838126424,3.783704498385924,4.3770674824938025
4917,-1.6803094937270036,-6.047579104759242,-2.386583854729931,-6.7552381826305,5.725020371741913,4.044710878014909,3.3384365170119814,4.367269611032238
4966,-2.425370600274736,-6.793312943422599,-3.1283844128360547,-7.497350163506108,5.911865727993055,3.4864951277183187,2.783481315157,4.367942343147863
5016,-3.6744272871099817,-8.051580237501291,-3.7762943496352066,-8.15411241638299,5.999245613600243,2.324818326490261,2.222951263965036,4.3771529503913085
5066,-4.647655446704075,-9.040545602440167,-4.218207454719676,-8.611405140645546,5.999006046880532,1.351350600176457,1.7807985921608562,4.392890155736092
5117,-5.604434346327023,-10.01752589962621,-4.351594497367719,-8.764633829662532,5.998686844670459,0.3942524983434357,1.6470923473027401,4.413091553299187
5168,-5.435553213759047,-9.87122407302859,-4.105627647287934,-8.540881524184886,5.998269946750707,0.5627167329916594,1.8926422994627732,4.435670859269543
5220,-4.0889805668823485,-8.547525799404102,-3.458263325487627,-7.916019581852997,5.763505538396881,1.6745249715145327,2.305242212909254,4.458545232521755
5272,-2.980845609458669,-7.460508492127359,-2.4436472498760526,-6.922140955499341,5.260000564534607,2.2791549550759385,2.8163533146585547,4.47966288266869
5325,-1.331285278413203,-5.828316385195815,-1.1477073616020144,-5.643181250313039,4.478478929980779,3.1471936515675756,3.330771568378764,4.497031106782612
5378,1.0604458282819316,-3.448298942138744,0.30681962245361843,-4.199974482673006,3.5270227580762334,4.587468586358165,3.833842380529852,4.508744770420676
5432,2.1596959904111444,-2.3533190944890823,1.7820900384839733,-2.7285791373910744,2.480083749200095,4.639779739611239,4.262173787684068,4.513015084900227
5486,3.736262049111932,-0.7719362963461829,3.148173167261331,-1.3572882313843675,1.3572882313843675,5.0935502804962995,4.505461398645698,4.508198345458115
5541,4.804338540605945,0.3115144396719076,4.302276316104461,-0.18742992027281463,0.18742992027281463,4.99176846087876,4.489706236377275,4.492824100934038
5596,5.363944416208738,0.898322373075886,5.180694267144578,0.7185524381945934,-0.7185524381945935,4.645391978014144,4.462141828949985,4.465622043132852
5652,6.286920201019268,1.8613734498887045,5.7620467628958485,1.3403179066890574,-1.3403179066890571,4.946602294330211,4.421728856206792,4.425546751130564
5709,6.37498078327441,2.003181464164344,6.062985847580364,1.6953110579276793,-1.6953110579276789,4.679669725346731,4.3676747896526855,4.371799319110066
5766,6.208638127464994,1.9047932777982917,6.128648290845385,1.8291941401233702,-1.82919414012337,4.379443987341624,4.299454150722015,4.303844849666702
5823,5.892633748271218,1.6712089304788975,6.020628117562904,1.8038117659852342,-1.8038117659852342,4.088821982285984,4.21681635157767,4.221424817792321
5882,5.4163875047966465,1.2918240958453984,5.805380094176716,1.6855979912538297,-1.6855979912538297,3.730789513542817,4.119782102922886,4.124563408951248
5940,5.411285712520858,1.3977186051473147,5.545539566623896,1.5368559930825503,-1.53685599308255,3.8744297194383077,4.0086835735413455,4.013567107373543
6000,5.299402854535488,1.4103858027312333,5.293289475114195,1.4091950585341464,-1.4091950585341466,3.8902077960013415,3.884094416580048,3.889017051804255
6060,4.9781718629045075,1.2264178890455866,5.088313327660163,1.3414232048247856,-1.3414232048247858,3.6367486580797217,3.7468901228353775,3.751753973858921
6120,4.797713207739196,1.1948573354198562,4.957430645494033,1.3592483344465838,-1.359248334446584,3.438464873292612,3.5981823110474487,3.6028558723193402
6182,4.817554382649057,1.3739454479606605,4.917089495915016,1.4778068375514362,-1.477806837551436,3.339747545097621,3.4392826583635805,3.4436089346883962
6244,4.829143032037523,1.5536704600682536,4.975118014441972,1.7033769767679936,-1.7033769767679936,3.1257660552695294,3.2717410376739786,3.2754725719692694
6306,5.026652176138167,1.9266124164420901,5.133827100803518,2.036585046782858,-2.0365850467828577,2.990067129355309,3.09724205402066,3.1000397596960765
6369,5.236244861336568,2.317250707277414,5.392198427091214,2.474623677028611,-2.474623677028611,2.761621184307957,2.9175747500626033,2.9189941540591544
6433,5.444065079327455,2.709999424122151,5.745287707103905,3.0106787517501123,-3.010678751750113,2.433386327577342,2.734608955353792,2.734065655205304
6497,5.8977107773537005,3.350724574246878,6.182350267142689,3.632130050495916,-3.632130050495916,2.2655807268577846,2.550220216646773,2.5469862031068224
6562,6.543415982265523,4.183968379389379,6.687146537265939,4.320916439521854,-4.320916439521854,2.2224995427436687,2.3662300977440847,2.3594476028761435
6628,6.812395958288691,4.639332877568425,7.233580452054275,5.049234911110403,-5.049234911110403,1.7631610471782873,2.1843455409438715,2.173063080720266
6694,7.371814699267899,5.382480628437042,7.785412827959124,5.7793760939117425,-5.7793760939117425,1.5924386053561568,2.006036734047382,1.9893340708308571
6761,8.244743748885233,6.435120312034076,8.300877104755692,6.468297294675478,-6.468297294675479,1.7764464542097533,1.8325798100802126,1.809623436851156
6828,8.950202473649957,7.315066517842192,8.736806549312384,7.0719349993075316,-7.07193499930753,1.8782674743424277,1.6648715500048539,1.6351359558077658
6897,9.472684306600463,8.005777846046124,9.056380175027163,7.552673516978203,-7.552673516978203,1.9200107896222605,1.5037066580489604,1.4669064605543398
6966,10.105724165284439,8.799928588427955,9.24042507600136,7.891063770148832,-7.891063770148829,2.21466039513561,1.349361305852531,1.3057955768564846
7035,10.643246627042753,9.490754092565837,9.2890424197117,8.086974373670369,-8.086974373670367,2.556272253372386,1.202068046041333,1.1524925344769166
7106,10.854414471530614,9.846890361206908,9.2162000721892,8.154076124250794,-8.154076124250793,2.7003383472798212,1.0621239479384066,1.0075241103237054
7177,10.838447953946593,9.967179546923617,9.0538819646321,8.124375869884378,-8.124375869884378,2.714072084062215,0.9295060947477207,0.8712684070229753
7249,10.409286999389517,9.665315089639925,8.831743816590102,8.027325895588433,-8.027325895588431,2.3819611038010855,0.8044179210016704,0.7439719097495912
7321,9.962910952534529,9.337142832908922,8.577145515942533,7.890190757479272,-7.890190757479274,2.072720195055255,0.6869547584632594,0.625768119625607
7394,9.252064177028037,8.735368129371583,8.30620099923318,7.728906346358035,-7.728906346358036,1.5231578306700015,0.5772946528751444,0.5166960476564545
7468,8.317755732495359,7.90103875838936,8.027237070754824,7.551732853446188,-7.55173285344619,0.766022879049169,0.4755042173086341,0.4167169741059987
7543,7.573111753354699,7.247383623803897,7.741457470958819,7.359887374512467,-7.359887374512468,0.21322437884223167,0.3815700964463513,0.3257281295508032
7618,6.935384875877414,6.691812555256603,7.446114541932307,7.150746375256026,-7.150746375256028,-0.2153614993786137,0.29536816667627885,0.24357232062081102
7694,6.316521357480159,6.146478376385037,7.13754994694964,6.9208474757417635,-6.920847475741761,-0.6043261182616018,0.21670247120787955,0.1700429810951218
7771,5.887335894857143,5.782451250061525,6.813296891193216,6.6680423908323485,-6.668042390832348,-0.7807064959752044,0.14525450036086873,0.10488464479561789
7849,5.658244328842597,5.610454957279891,6.472749936144482,6.392129191483258,-6.392129191483259,-0.7338848626406618,0.08062074466122304,0.0477893715627067
7928,5.365524613504867,5.367134444742158,6.117195343275897,6.094863070572352,-6.094863070572353,-0.7293384570674863,0.022332272703543765,-0.0016098312372906148
8007,5.00492768392615,5.048674789116294,5.749296979515612,5.779419726386447,-5.779419726386449,-0.7744920424602988,-0.030122746870836714,-0.04374710519014435
8087,4.491073709682387,4.570205242544023,5.372737100318167,5.450007009060872,-5.450007009060872,-0.9589332993784856,-0.07726990874270534,-0.07913153286163571
8168,4.235352172972016,4.343704783257413,4.991447913793466,5.1110762815479065,-5.111076281547907,-0.8757241085758913,-0.11962836775444163,-0.10835261028539755
8250,3.4105227578176094,3.542604119766641,4.609385728134008,4.767067112567874,-4.767067112567875,-1.3565443547502656,-0.15768138443386714,-0.1320813619490314
8332,3.066505067025318,3.2175702894639597,4.230357771604251,4.422208150477894,-4.422208150477893,-1.3557030834525747,-0.19185037887364143,-0.1510652224386418
8415,2.9649069135655783,3.1310220716468846,3.8580177989696662,4.080491669934568,-4.080491669934568,-1.1155847563689893,-0.22247387096490145,-0.16611515808130617
8499,3.2366815435721827,3.4147655696244787,3.4957899948769695,3.7455744237835376,-3.7455744237835376,-0.5088928802113548,-0.24978442890656805,-0.17808402605229617
8584,3.7469218509493314,3.9347576920972447,3.146903877626739,3.4207954458116356,-3.4207954458116365,0.32612640513769486,-0.2738915681848977,-0.18783584114791319
8670,3.8375584113583465,4.033764813524481,2.814384220233941,3.1091526457685017,-3.1091526457685013,0.7284057655898453,-0.2947684255345604,-0.19620640216613452
8757,3.9001256814399703,4.104082251162733,2.501029687387312,2.813273142204739,-2.813273142204738,1.0868525392352324,-0.312243454817426,-0.20395656972276327
8845,3.70992723393644,3.921647560102993,2.209387447801061,2.5353853520606755,-2.535385352060675,1.174541881875765,-0.32599790425961395,-0.21172032616655304
8933,3.0973371412696893,3.3172876635039272,1.94173164881538,2.2773010720495566,-2.2773010720495557,0.8200360692201336,-0.3355694232341757,-0.2199505222342381
9022,1.8300352177277,2.05890107778905,1.7000320221369702,2.0403959511600007,-2.0403959511600007,-0.21036073343230077,-0.3403639290230305,-0.22886586006134982
9113,1.6864126120483185,1.9248157302759101,1.4859367454890644,1.825609222982636,-1.825609222982636,-0.13919661093431746,-0.33967247749357155,-0.23840311822759153
9204,1.2963160541710987,1.5444948947166492,1.3007373033024157,1.6334336267920921,-1.6334336267920921,-0.3371175726209934,-0.3326963234896765,-0.24817884054555053
9296,1.2768713805524603,1.5343360287332946,1.1453100925545405,1.4638901956601187,-1.4638901956601182,-0.18701881510765794,-0.3185801031055777,-0.25746464818083437
9389,1.5215953494142562,1.786775322279255,1.0200594142830617,1.3165089808266641,-1.3165089808266643,0.20508636858759188,-0.29644956654360266,-0.2651799728649989
9483,1.5908461609448439,1.8607515059996091,0.9248438029373336,1.1902995925819035,-1.1902995925819038,0.4005465683629401,-0.2654557896445702,-0.2699053450547653
9577,1.3732668010337925,1.6431852241823097,0.8589027416703646,1.0837262341501466,-1.0837262341501464,0.28954056688364616,-0.22482349247978173,-0.26991842314851716
9673,-0.14185979894731204,0.12139395831648775,0.8207925123433867,0.9946946211331449,-0.9946946211331451,-1.1365544200804572,-0.17390210878975843,-0.2632537572637998
9770,-1.4916736003917483,-1.243887698408292,0.8083362071384553,0.9205542920407739,-0.9205542920407741,-2.4122278924325222,-0.11221808490231877,-0.2477859019834562
9868,-2.3102680324164067,-2.08893403045941,0.8186001912417584,0.8581264210170028,-0.858126421017003,-3.1683944534334096,-0.03952622977524456,-0.22133400195699632
9966,-1.8482950875436428,-1.666510627499354,0.8478995598607253,0.8037577720356799,-0.8037577720356799,-2.6520528595793227,0.04414178782504541,-0.18178446004428883
10066,-1.114840553376614,-0.9876136982175525,0.8918392344665619,0.7534051023844559,-0.7534051023844558,-1.8682456557610698,0.1384341320821061,-0.1272268551590614
10167,-0.2890423397938173,-0.2329453365976365,0.9453891246584074,0.7027467138162538,-0.7027467138162539,-0.9917890536100712,0.24264241084215354,-0.056097003196180835
10268,-0.04086504060098052,-0.07354499865227049,1.0029983755119305,0.6473236439503144,-0.6473236439503143,-0.6881886845512948,0.3556747315616162,0.032679958051289974
10371,0.5194790455074036,0.37992479693783515,1.0587430254271457,0.5827033214099812,-0.582703321409981,-0.0632242759025774,0.47603970401716467,0.1395542485695685
10475,1.022678894653696,0.7584469541243978,1.1065032416021316,0.5046604141124087,-0.5046604141124087,0.5180184805412873,0.601842827489723,0.2642319405292982
10579,1.5210795573079654,1.1155004292953885,1.140164751266872,0.40936804514018826,-0.4093680451401883,1.1117115121677772,0.7307967061266837,0.4055791280125769
10685,2.474486592316996,1.9129296177542272,1.1538346317481507,0.29358906675482055,-0.3143433749130334,2.1601432174039625,0.8394912568351174,0.5615569745627689
10792,2.9234562242783553,2.194262499287433,1.1420622237552094,0.1548579683094545,-0.2239459305935677,2.6995102936847877,0.9181162931616417,0.7291937249909225
10900,3.390130983499674,2.4855327503934137,1.1000540920889588,-0.008357428882965933,-0.13817465461733663,3.251956328882337,0.9618794374716222,0.9045982331062601
11009,3.664167614718456,2.5811499443595878,1.0238721991386823,-0.1965242834178801,-0.0672450809747621,3.596922533743694,0.9566271181639202,1.0830176703588683
11119,3.2391324939724666,1.9801925608856434,0.9106048611750911,-0.408952051611393,-0.021203916285092772,3.217928577687374,0.8894009448899983,1.2589399330868232
11230,2.197987025453907,0.7717480561846721,0.7585012827080546,-0.6437459981772148,8.811882042713127e-06,2.1979958373359496,0.7585100945900973,1.4262389692692348
11343,2.0185115328605896,0.4401526086349492,0.5670622398722241,-0.897811845254808,6.670412431297509e-06,2.018518203273021,0.5670689102846554,1.5783589242256404
11456,1.4308368315369542,-0.27769395836803623,0.3370817610176202,-1.1669138325200183,5.063318976539213e-06,1.4308418948559307,0.33708682433659676,1.7085307899049904
11571,0.8126169078807877,-0.9973963563953734,0.07063713369883953,-1.4457856731835896,3.835352673675631e-06,0.8126207432334613,0.07064096905151321,1.810013264276161
11686,-0.016010651265334637,-1.8923585578068418,-0.2289725201173521,-1.7282908029077322,2.913186511577238e-06,-0.01600773807882306,-0.22896960693084054,1.8763479065415072
11803,-1.288174788456212,-3.189792302623563,-0.5573363317745441,-2.0076257127906767,2.2082806694356805e-06,-1.2881725801755426,-0.5573341234938747,1.9016175141673508
11921,-1.400539276357165,-3.281235305417289,-0.909084947660954,-2.276557531008288,1.6746107824872067e-06,-1.4005376017463824,-0.9090832730501716,1.880696029060124
12040,-0.9410145950344032,-2.7504928485220033,-1.2780793624698055,-2.527685087140715,1.2704387675199769e-06,-0.9410133245956357,-1.278078092031038,1.8094782534876002
12161,-0.4854571257376517,-2.1705353652221877,-1.6576259261099089,-2.7537112508351855,9.620265721821395e-07,-0.4854561637110795,-1.6576249640833367,1.685078239484536
12282,-2.001840946930922,-3.507827338687462,-2.0407069815263523,-2.947713637883423,7.304930225160435e-07,-2.0018402164378997,-2.04070625103333,1.5059863917565395
12405,-3.4836626431184854,-4.755839685590254,-2.420216053943736,-3.103400795926465,5.536942619954743e-07,-3.4836620894242234,-2.420215500249474,1.2721770424717682
12529,-3.9981546495747207,-4.983315083498772,-2.789186646518743,-3.215341764759478,4.199014842498627e-07,-3.9981542296732364,-2.7891862266172587,0.9851604339240505
12655,-3.514210840525936,-4.162186412215903,-3.1410044636778105,-3.2791583590474835,3.179062044722514e-07,-3.5142105226197313,-3.141004145771606,0.6479755716899679
12781,-3.6687942807179685,-3.9339174355866486,-3.4695942279224132,-3.2916716013373915,2.413503246145866e-07,-3.668794039367644,-3.4695939865720886,0.26512315486868
12909,-4.27521968923878,-4.117660295794992,-3.769574069095342,-3.250996267410365,1.829360583016637e-07,-4.275219506302721,-3.7695738861592836,-0.1575593934437875
13038,-5.283772491914399,-4.6706964586824045,-4.036372630754425,-3.1565803722227086,1.3874325066609582e-07,-5.283772353171148,-4.036372492011174,-0.6130760332319946
13168,-5.975504480416179,-4.882008405349628,-4.266306393885795,-3.0091894149803182,1.052905904685979e-07,-5.975504375125588,-4.266306288595205,-1.0934960750665503
13300,-6.514191651441465,-4.923977077049317,-4.456617121506224,-2.810838159986372,7.978627092342465e-08,-6.514191571655194,-4.456617041719953,-1.5902145743921476
13433,-6.609520228819891,-4.515282192822627,-4.605471608148689,-2.564675454235795,6.050027501201255e-08,-6.609520168319616,-4.605471547648414,-2.0942380359972637
13567,-6.406659110198974,-3.8101759238419084,-4.711927952072413,-2.2748299331592294,4.5907145640584587e-08,-6.406659064291828,-4.7119279061652675,-2.5964831863570654
13703,-5.555867644232087,-2.467791580978842,-4.775874217909644,-1.9462262943582618,3.478713139692057e-08,-5.555867609444956,-4.775874183122513,-3.0880760632532454
13840,-5.076079778412527,-1.515440976845786,-4.797946532175978,-1.584383026982904,2.6379951560857873e-08,-5.076079752032576,-4.797946505796027,-3.5606388015667414
13978,-3.8161353986624866,0.19041684665413294,-4.779434305723293,-1.195203022328918,2.0019294659501252e-08,-3.816135378643192,-4.779434285703998,-4.00655224531662
14118,-3.0677899284927106,1.3513939128350474,-4.722180381481134,-0.7847683416653652,-0.06288444434405065,-3.1306743728367614,-4.785064825825184,-4.419183841327758
14259,-2.9329047872938703,1.8601672896327766,-4.628483526438473,-0.3591496456283572,-0.19908473909065502,-3.131989526384525,-4.827568265529129,-4.793072076926647
14402,-3.5754149672977817,1.5486459875944387,-4.501009708538877,0.07576066185451323,-0.4096936113790239,-3.9851085786768055,-4.910703319917901,-5.1240609548922205
14546,-4.0870914697903915,1.3222889942623164,-4.342717348042521,0.5143843633267522,-0.682430498375872,-4.769521968166264,-5.025147846418394,-5.409380464052708
14692,-3.365060831568541,2.2826107658561945,-4.156800197235051,0.9515574068401975,-1.0083768252531498,-4.37343765682169,-5.1651770224882005,-5.647671597424735
14838,-2.7315585172686268,3.107398547583398,-3.9466497624127728,1.382591325991173,-1.3825913259911728,-4.114149843259799,-5.329241088403945,-5.838957064852025
14987,-2.2992918648558973,3.6852694231321435,-3.715837448443413,1.8032959179732342,-1.8032959179732337,-4.102587782829131,-5.519133366416646,-5.984561287988041
15137,-2.6429348734101183,3.444050722602227,-3.4681143999109167,2.2099657382622966,-2.2099657382622975,-4.852900611672416,-5.678080138173215,-6.086985596012346
15288,-2.9365368787184014,3.2132091808877155,-3.2074266547973194,2.599334209945966,-2.599334209945966,-5.535871088664368,-5.806760864743286,-6.149746059606117
15441,-3.7233427856998103,2.4538401819487254,-2.937941244065713,2.9685014676538923,-2.9685014676538923,-6.691844253353702,-5.906442711719605,-6.177182967648536
15595,-4.397945454718573,1.77630642335237,-2.664077863385404,3.3148434653479235,-3.3148434653479235,-7.7127889200664965,-5.978921328733327,-6.174251878070943
15751,-4.609529790220063,1.5367766905318323,-2.390540501919601,3.6359104995996265,-3.6359104995996265,-8.24544028981969,-6.026451001519227,-6.146306480751895
15909,-5.012222403562474,1.0866611110524156,-2.1223427558009003,3.929324016949211,-3.929324016949211,-8.941546420511685,-6.051666772750112,-6.098883514614889
16068,-4.2974504266167965,1.7400471586194426,-1.8648274444915767,4.19267534929624,-4.19267534929624,-8.490125775913036,-6.057502793787817,-6.037497585236239
16229,-3.705877552946108,2.261579056619747,-1.6236666219502491,4.423440786610406,-4.423440786610407,-8.129318339556516,-6.047107408560656,-5.967456609565855
16391,-2.6995558250918017,3.194147831797354,-1.4048433496482917,4.618915530006353,-4.618915530006353,-7.318471355098154,-6.023758879654645,-5.893703656889156
16555,-1.6905523915683869,4.130137308006488,-1.2146155384023187,4.776169268757317,-4.776169268757317,-6.466721660325704,-5.990784807159636,-5.820689699574875
16720,-0.17861293745884144,5.573667528827703,-1.0594613412367677,4.892026079538963,-4.892026079538962,-5.070639016997803,-5.951487420775729,-5.752280466286544
16888,0.3414645618856369,6.03316051049689,-0.9460175232441062,4.963061611652812,-4.96306161165281,-4.621597049767173,-5.909079134896916,-5.691695948611253
17056,1.0639183939105807,6.705418930844318,-0.8809416873981748,4.985670550624135,-4.9856705506241354,-3.9217521567135547,-5.86661223802231,-5.641500536933737
17227,0.9699297091222112,6.573537522444152,-0.8708369244456408,4.956100413307546,-4.956100413307547,-3.9861707041853354,-5.826937337753187,-5.603607813321941
17399,0.5139304658243136,6.093249885181126,-0.922145188503326,4.870520970803083,-4.870520970803084,-4.3565905049787705,-5.79266615930641,-5.579319419356812
17573,0.2888590114466094,5.858252374592938,-1.0410171881785735,4.725122628105524,-4.725122628105524,-4.436263616658914,-5.766139816284097,-5.569393363146329
17749,-0.022374508746795925,5.551760162743792,-1.23317161608213,4.51623267699059,-4.516232676990589,-4.538607185737385,-5.749404293072719,-5.5741346714905875
17926,-0.34737632167029364,5.246163290646345,-1.5036028794816043,4.240553398687848,-4.240553398687847,-4.587929720358141,-5.744156278169452,-5.593539612316639
18106,-0.7559828883637216,4.871277728446712,-1.857043418625813,3.8948396954996554,-3.8948396954996545,-4.650822583863376,-5.751883114125468,-5.6272606168104335
18287,-1.642801593695031,4.0320420508476635,-2.2973057873776197,3.476416130534053,-3.4764161305340537,-5.119217724229085,-5.773721917911674,-5.674843644542695
18470,-3.0140649316374404,2.7217566483105733,-2.827265213190342,2.983220643131363,-2.9832206431313635,-5.997285574768804,-5.810485856321705,-5.735821579948014
18654,-4.096345622227066,1.713435370435663,-3.4489122475331704,2.4137933109082175,-2.413793310908218,-6.510138933135284,-5.862705558441388,-5.809780992662729
18841,-5.579641667609336,0.3167606411540662,-4.1634594977908455,1.767220376211813,-1.7672203762118133,-7.346862043821149,-5.930679874002658,-5.8964023087634025
19029,-6.650312483233567,-0.6553373641980373,-4.97350141208227,1.0415361331909614,-1.199255227327992,-7.849567710561559,-6.172756639410262,-5.99497511903553
19220,-6.834946955847035,-0.7287605928140151,-5.875739578700793,0.23916278486412584,-0.7296853630279523,-7.564632318874987,-6.605424941728746,-6.10618636303302
19412,-6.766503415106525,-0.5364673743506376,-6.870173997646483,-0.6398996687687342,-0.36627396278417346,-7.132777377890699,-7.236447960430657,-6.230036040755888
19606,-7.429275246611626,-1.062751094407493,-7.956804668919378,-1.5956512277076529,-0.12212709054877297,-7.551402337160399,-8.078931759468151,-6.366524152204133
19802,-8.478063620969584,-1.9624129235918266,-9.135631592519486,-2.6280918919526424,1.2443438821068157e-12,-8.478063620968339,-9.13563159251824,-6.515650697377757
20000,-10.28817201514401,-3.6107563388672492,-10.406654768446817,-3.737221661503704,9.43245481721533e-13,-10.288172015143067,-10.406654768445874,-6.677415676276761
