frequency,raw,error,smoothed,error_smoothed,equalization,parametric_eq,equalized_raw,equalized_smoothed,target
20,13.66,10.07,13.65,10.06,-10.06,-9.57,3.61,3.59,3.59
21,13.75,10.17,13.70,10.11,-10.11,-9.75,3.64,3.58,3.58
22,13.61,10.04,13.75,10.17,-10.17,-9.90,3.44,3.57,3.57
23,13.85,10.29,13.79,10.23,-10.23,-10.04,3.62,3.56,3.56
24,13.76,10.21,13.83,10.28,-10.28,-10.17,3.48,3.55,3.55
25,13.95,10.41,13.88,10.34,-10.34,-10.28,3.61,3.54,3.54
26,13.95,10.42,13.92,10.39,-10.39,-10.38,3.56,3.53,3.53
27,13.85,10.34,13.95,10.44,-10.44,-10.47,3.41,3.51,3.51
28,14.05,10.55,13.99,10.49,-10.49,-10.55,3.56,3.50,3.50
29,14.05,10.57,14.02,10.54,-10.54,-10.62,3.51,3.48,3.48
30,14.05,10.59,14.05,10.59,-10.59,-10.69,3.46,3.46,3.46
31,14.05,10.61,14.08,10.63,-10.63,-10.74,3.42,3.44,3.44
32,14.01,10.59,14.10,10.67,-10.67,-10.79,3.34,3.42,3.42
33,14.15,10.75,14.11,10.71,-10.71,-10.84,3.44,3.40,3.40
34,14.15,10.77,14.12,10.74,-10.74,-10.88,3.41,3.38,3.38
35,14.15,10.79,14.12,10.77,-10.77,-10.91,3.38,3.36,3.36
36,14.18,10.85,14.12,10.79,-10.79,-10.94,3.40,3.33,3.33
37,14.05,10.74,14.11,10.80,-10.80,-10.96,3.25,3.31,3.31
38,14.05,10.77,14.08,10.80,-10.80,-10.98,3.25,3.28,3.28
39,14.05,10.80,14.06,10.80,-10.80,-11.00,3.25,3.25,3.25
40,14.05,10.83,14.03,10.80,-10.80,-11.02,3.25,3.22,3.22
41,14.06,10.87,13.99,10.80,-10.80,-11.03,3.26,3.19,3.19
42,13.95,10.79,13.96,10.79,-10.79,-11.04,3.16,3.16,3.16
43,13.84,10.71,13.92,10.79,-10.79,-11.04,3.05,3.13,3.13
44,13.85,10.76,13.89,10.79,-10.79,-11.05,3.06,3.09,3.09
45,13.85,10.79,13.86,10.80,-10.80,-11.05,3.05,3.06,3.06
46,13.89,10.87,13.82,10.80,-10.80,-11.05,3.09,3.02,3.02
47,13.75,10.77,13.79,10.81,-10.81,-11.05,2.94,2.99,2.99
48,13.75,10.80,13.76,10.81,-10.81,-11.05,2.94,2.95,2.95
49,13.75,10.84,13.73,10.82,-10.82,-11.05,2.93,2.91,2.91
50,13.77,10.90,13.69,10.82,-10.82,-11.04,2.95,2.87,2.87
51,13.65,10.83,13.65,10.83,-10.83,-11.04,2.82,2.82,2.82
52,13.54,10.76,13.61,10.83,-10.83,-11.03,2.71,2.78,2.78
53,13.54,10.80,13.57,10.83,-10.83,-11.02,2.71,2.74,2.74
54,13.56,10.87,13.53,10.84,-10.84,-11.02,2.72,2.69,2.69
55,13.45,10.80,13.49,10.84,-10.84,-11.01,2.61,2.65,2.65
56,13.45,10.85,13.45,10.85,-10.85,-11.00,2.60,2.60,2.60
57,13.45,10.90,13.41,10.85,-10.85,-10.99,2.60,2.55,2.55
58,13.45,10.94,13.37,10.86,-10.86,-10.98,2.59,2.51,2.51
59,13.24,10.78,13.32,10.87,-10.87,-10.97,2.38,2.46,2.46
60,13.24,10.83,13.28,10.87,-10.87,-10.96,2.37,2.41,2.41
61,13.24,10.88,13.23,10.87,-10.87,-10.95,2.37,2.36,2.36
62,13.24,10.93,13.18,10.87,-10.87,-10.93,2.37,2.31,2.31
63,13.11,10.85,13.13,10.88,-10.88,-10.92,2.23,2.26,2.26
64,13.04,10.84,13.08,10.88,-10.88,-10.91,2.16,2.21,2.21
65,13.05,10.90,13.03,10.88,-10.88,-10.90,2.17,2.15,2.15
66,13.02,10.92,12.98,10.88,-10.88,-10.89,2.14,2.10,2.10
67,12.94,10.89,12.93,10.88,-10.88,-10.88,2.06,2.05,2.05
68,12.88,10.89,12.88,10.89,-10.89,-10.86,1.99,1.99,1.99
69,12.79,10.85,12.84,10.90,-10.90,-10.85,1.90,1.94,1.94
70,12.74,10.85,12.79,10.90,-10.90,-10.84,1.84,1.89,1.89
71,12.74,10.91,12.75,10.91,-10.91,-10.83,1.83,1.83,1.83
72,12.74,10.96,12.70,10.92,-10.92,-10.82,1.82,1.78,1.78
73,12.74,11.02,12.66,10.93,-10.93,-10.81,1.81,1.73,1.73
74,12.57,10.90,12.61,10.94,-10.94,-10.80,1.63,1.67,1.67
75,12.54,10.92,12.56,10.94,-10.94,-10.78,1.60,1.62,1.62
76,12.54,10.98,12.51,10.95,-10.95,-10.77,1.60,1.56,1.56
77,12.44,10.93,12.46,10.95,-10.95,-10.76,1.49,1.51,1.51
78,12.36,10.91,12.41,10.95,-10.95,-10.75,1.41,1.45,1.45
79,12.34,10.94,12.36,10.96,-10.96,-10.74,1.38,1.40,1.40
80,12.34,10.99,12.31,10.96,-10.96,-10.73,1.38,1.35,1.35
81,12.25,10.96,12.26,10.97,-10.97,-10.72,1.28,1.29,1.29
82,12.24,11.00,12.21,10.97,-10.97,-10.71,1.27,1.24,1.24
83,12.16,10.97,12.16,10.97,-10.97,-10.70,1.19,1.19,1.19
84,12.10,10.97,12.11,10.98,-10.98,-10.69,1.13,1.13,1.13
85,12.04,10.96,12.05,10.97,-10.97,-10.69,1.07,1.08,1.08
86,12.04,11.01,12.00,10.97,-10.97,-10.68,1.07,1.03,1.03
87,11.94,10.96,11.94,10.97,-10.97,-10.67,0.98,0.98,0.98
88,11.84,10.92,11.89,10.96,-10.96,-10.66,0.88,0.93,0.93
89,11.84,10.97,11.83,10.96,-10.96,-10.65,0.88,0.87,0.87
90,11.84,11.02,11.79,10.96,-10.96,-10.64,0.88,0.82,0.82
91,11.69,10.92,11.74,10.97,-10.97,-10.64,0.72,0.77,0.77
92,11.64,10.92,11.70,10.97,-10.97,-10.63,0.67,0.72,0.72
93,11.64,10.97,11.66,10.98,-10.98,-10.62,0.66,0.67,0.67
94,11.64,11.02,11.62,10.99,-10.99,-10.61,0.65,0.63,0.62
95,11.62,11.04,11.57,11.00,-11.00,-10.61,0.63,0.58,0.58
96,11.54,11.01,11.53,11.00,-11.00,-10.60,0.54,0.53,0.53
97,11.47,10.99,11.47,10.99,-10.99,-10.59,0.48,0.48,0.48
98,11.41,10.98,11.42,10.98,-10.98,-10.59,0.43,0.43,0.43
99,11.31,10.92,11.35,10.96,-10.96,-10.58,0.35,0.39,0.39
100,11.30,10.96,11.28,10.94,-10.94,-10.57,0.36,0.34,0.34
101,11.23,10.93,11.20,10.91,-10.91,-10.57,0.32,0.28,0.30
102,11.16,10.91,11.11,10.88,-10.88,-10.56,0.28,0.23,0.25
104,11.00,10.84,11.03,10.84,-10.84,-10.55,0.16,0.18,0.17
105,10.91,10.79,10.94,10.81,-10.81,-10.55,0.10,0.14,0.12
106,10.82,10.74,10.86,10.77,-10.77,-10.54,0.05,0.09,0.08
107,10.76,10.72,10.78,10.73,-10.73,-10.53,0.03,0.04,0.04
108,10.74,10.74,10.70,10.70,-10.70,-10.53,0.04,0.00,0.00
109,10.63,10.67,10.63,10.67,-10.67,-10.52,-0.04,-0.04,-0.04
110,10.58,10.65,10.57,10.64,-10.64,-10.52,-0.06,-0.07,-0.07
111,10.48,10.59,10.50,10.61,-10.61,-10.51,-0.13,-0.11,-0.11
112,10.42,10.57,10.44,10.59,-10.59,-10.50,-0.17,-0.15,-0.15
113,10.36,10.54,10.38,10.57,-10.57,-10.50,-0.20,-0.18,-0.18
114,10.35,10.56,10.32,10.54,-10.54,-10.49,-0.19,-0.22,-0.21
115,10.35,10.60,10.27,10.52,-10.52,-10.49,-0.17,-0.26,-0.24
117,10.15,10.46,10.21,10.51,-10.51,-10.47,-0.35,-0.29,-0.31
118,10.16,10.50,10.16,10.49,-10.49,-10.47,-0.33,-0.33,-0.34
119,10.14,10.51,10.11,10.48,-10.48,-10.46,-0.34,-0.36,-0.37
120,10.01,10.40,10.07,10.47,-10.47,-10.45,-0.45,-0.40,-0.39
121,9.97,10.39,10.02,10.46,-10.46,-10.45,-0.49,-0.43,-0.42
123,9.98,10.46,9.98,10.45,-10.45,-10.43,-0.47,-0.46,-0.48
124,9.99,10.49,9.94,10.44,-10.44,-10.43,-0.45,-0.50,-0.50
125,9.95,10.47,9.90,10.42,-10.42,-10.42,-0.47,-0.53,-0.52
126,9.83,10.38,9.85,10.41,-10.41,-10.41,-0.58,-0.55,-0.54
128,9.81,10.41,9.80,10.38,-10.38,-10.39,-0.57,-0.58,-0.59
129,9.77,10.39,9.75,10.36,-10.36,-10.39,-0.59,-0.61,-0.62
130,9.65,10.29,9.69,10.33,-10.33,-10.38,-0.68,-0.64,-0.64
131,9.62,10.28,9.63,10.29,-10.29,-10.37,-0.67,-0.67,-0.66
133,9.54,10.24,9.57,10.26,-10.26,-10.35,-0.72,-0.69,-0.70
134,9.52,10.24,9.50,10.22,-10.22,-10.34,-0.70,-0.72,-0.72
135,9.45,10.19,9.44,10.19,-10.19,-10.33,-0.74,-0.75,-0.74
137,9.37,10.15,9.38,10.15,-10.15,-10.30,-0.78,-0.78,-0.78
138,9.34,10.14,9.32,10.12,-10.12,-10.29,-0.78,-0.80,-0.80
140,9.24,10.08,9.25,10.08,-10.08,-10.27,-0.84,-0.83,-0.84
141,9.19,10.05,9.19,10.05,-10.05,-10.26,-0.86,-0.86,-0.86
142,9.14,10.02,9.14,10.02,-10.02,-10.24,-0.88,-0.88,-0.88
144,9.04,9.96,9.08,9.99,-9.99,-10.21,-0.95,-0.91,-0.92
145,9.03,9.96,9.02,9.96,-9.96,-10.20,-0.93,-0.94,-0.93
147,8.94,9.91,8.97,9.94,-9.94,-10.17,-1.00,-0.97,-0.97
148,8.94,9.93,8.92,9.91,-9.91,-10.15,-0.97,-0.99,-0.99
150,8.90,9.93,8.86,9.88,-9.88,-10.12,-0.98,-1.02,-1.03
151,8.79,9.83,8.81,9.85,-9.85,-10.10,-1.06,-1.05,-1.04
153,8.74,9.82,8.75,9.82,-9.82,-10.07,-1.08,-1.07,-1.08
154,8.74,9.84,8.68,9.78,-9.78,-10.05,-1.04,-1.10,-1.10
156,8.57,9.70,8.62,9.74,-9.74,-10.01,-1.17,-1.12,-1.13
157,8.54,9.69,8.55,9.70,-9.70,-9.99,-1.16,-1.15,-1.14
159,8.49,9.67,8.48,9.65,-9.65,-9.95,-1.16,-1.17,-1.18
160,8.38,9.57,8.41,9.61,-9.61,-9.93,-1.23,-1.20,-1.19
162,8.34,9.56,8.34,9.56,-9.56,-9.89,-1.22,-1.22,-1.22
164,8.29,9.54,8.27,9.51,-9.51,-9.84,-1.22,-1.25,-1.25
165,8.18,9.44,8.20,9.47,-9.47,-9.82,-1.29,-1.27,-1.26
167,8.13,9.42,8.13,9.42,-9.42,-9.77,-1.29,-1.29,-1.29
169,8.09,9.40,8.06,9.37,-9.37,-9.72,-1.28,-1.31,-1.31
170,7.98,9.30,7.99,9.32,-9.32,-9.70,-1.34,-1.33,-1.32
172,7.91,9.26,7.93,9.27,-9.27,-9.64,-1.36,-1.35,-1.35
174,7.89,9.26,7.87,9.23,-9.23,-9.59,-1.34,-1.36,-1.37
175,7.81,9.18,7.81,9.18,-9.18,-9.56,-1.37,-1.38,-1.37
177,7.69,9.08,7.75,9.14,-9.14,-9.51,-1.45,-1.39,-1.39
179,7.69,9.10,7.70,9.10,-9.10,-9.45,-1.41,-1.40,-1.41
181,7.65,9.07,7.65,9.06,-9.06,-9.39,-1.41,-1.42,-1.42
183,7.60,9.03,7.60,9.02,-9.02,-9.33,-1.42,-1.43,-1.43
184,7.56,9.00,7.54,8.98,-8.98,-9.30,-1.42,-1.44,-1.44
186,7.52,8.97,7.49,8.94,-8.94,-9.24,-1.42,-1.45,-1.45
188,7.44,8.90,7.43,8.89,-8.89,-9.18,-1.45,-1.46,-1.46
190,7.39,8.86,7.37,8.84,-8.84,-9.12,-1.45,-1.47,-1.47
192,7.27,8.75,7.31,8.78,-8.78,-9.05,-1.51,-1.47,-1.47
194,7.23,8.71,7.25,8.73,-8.73,-8.99,-1.50,-1.48,-1.48
196,7.19,8.68,7.19,8.68,-8.68,-8.93,-1.48,-1.49,-1.49
198,7.11,8.61,7.13,8.62,-8.62,-8.86,-1.51,-1.50,-1.50
200,7.07,8.57,7.07,8.57,-8.57,-8.79,-1.50,-1.50,-1.50
202,7.02,8.53,7.01,8.52,-8.52,-8.73,-1.50,-1.51,-1.51
204,6.94,8.46,6.95,8.47,-8.47,-8.66,-1.53,-1.52,-1.52
206,6.90,8.42,6.89,8.42,-8.42,-8.59,-1.51,-1.52,-1.52
208,6.83,8.36,6.83,8.36,-8.36,-8.52,-1.53,-1.53,-1.53
210,6.76,8.30,6.76,8.30,-8.30,-8.46,-1.54,-1.53,-1.53
212,6.72,8.26,6.69,8.24,-8.24,-8.39,-1.51,-1.54,-1.54
214,6.62,8.17,6.62,8.17,-8.17,-8.32,-1.55,-1.55,-1.55
216,6.58,8.13,6.55,8.10,-8.10,-8.25,-1.52,-1.55,-1.55
218,6.49,8.05,6.47,8.03,-8.03,-8.18,-1.54,-1.56,-1.55
221,6.31,7.88,6.39,7.96,-7.96,-8.08,-1.64,-1.56,-1.56
223,6.30,7.87,6.32,7.89,-7.89,-8.01,-1.59,-1.57,-1.57
225,6.28,7.85,6.25,7.82,-7.82,-7.94,-1.54,-1.57,-1.57
227,6.20,7.77,6.19,7.76,-7.76,-7.88,-1.56,-1.57,-1.57
229,6.11,7.68,6.12,7.70,-7.70,-7.81,-1.59,-1.57,-1.57
232,6.09,7.67,6.07,7.64,-7.64,-7.71,-1.55,-1.58,-1.58
234,5.97,7.55,6.01,7.59,-7.59,-7.64,-1.62,-1.58,-1.58
236,5.93,7.51,5.96,7.54,-7.54,-7.58,-1.61,-1.58,-1.58
239,5.95,7.53,5.91,7.49,-7.49,-7.48,-1.53,-1.58,-1.58
241,5.85,7.43,5.86,7.43,-7.43,-7.42,-1.58,-1.57,-1.57
244,5.78,7.36,5.81,7.38,-7.38,-7.32,-1.60,-1.57,-1.57
246,5.81,7.38,5.76,7.33,-7.33,-7.26,-1.52,-1.57,-1.57
248,5.76,7.33,5.71,7.28,-7.28,-7.20,-1.52,-1.57,-1.57
251,5.59,7.16,5.66,7.22,-7.22,-7.10,-1.63,-1.56,-1.57
253,5.56,7.12,5.60,7.16,-7.16,-7.04,-1.60,-1.56,-1.56
256,5.56,7.12,5.54,7.10,-7.10,-6.95,-1.54,-1.56,-1.56
259,5.48,7.04,5.48,7.03,-7.03,-6.87,-1.55,-1.55,-1.56
261,5.44,6.99,5.41,6.96,-6.96,-6.81,-1.52,-1.55,-1.55
264,5.38,6.93,5.34,6.89,-6.89,-6.72,-1.51,-1.55,-1.55
266,5.27,6.81,5.27,6.82,-6.82,-6.67,-1.54,-1.54,-1.54
269,5.18,6.72,5.20,6.74,-6.74,-6.59,-1.56,-1.54,-1.54
272,5.08,6.62,5.12,6.66,-6.66,-6.51,-1.58,-1.54,-1.54
274,5.06,6.59,5.05,6.58,-6.58,-6.45,-1.52,-1.53,-1.53
277,4.97,6.50,4.97,6.50,-6.50,-6.38,-1.53,-1.53,-1.53
280,4.90,6.43,4.90,6.43,-6.43,-6.30,-1.52,-1.53,-1.53
283,4.85,6.38,4.83,6.35,-6.35,-6.23,-1.50,-1.52,-1.52
286,4.75,6.27,4.76,6.28,-6.28,-6.15,-1.53,-1.52,-1.52
288,4.70,6.22,4.70,6.21,-6.21,-6.11,-1.51,-1.52,-1.52
291,4.60,6.12,4.63,6.15,-6.15,-6.04,-1.55,-1.51,-1.51
294,4.56,6.07,4.58,6.09,-6.09,-5.97,-1.53,-1.51,-1.51
297,4.52,6.03,4.52,6.03,-6.03,-5.91,-1.51,-1.51,-1.51
300,4.45,5.96,4.46,5.97,-5.97,-5.84,-1.52,-1.51,-1.51
303,4.42,5.92,4.41,5.91,-5.91,-5.78,-1.49,-1.50,-1.50
306,4.36,5.86,4.35,5.85,-5.85,-5.72,-1.49,-1.50,-1.50
309,4.30,5.80,4.28,5.78,-5.78,-5.66,-1.48,-1.50,-1.50
312,4.26,5.76,4.22,5.71,-5.71,-5.60,-1.45,-1.50,-1.50
316,4.11,5.61,4.14,5.64,-5.64,-5.52,-1.53,-1.49,-1.49
319,4.07,5.56,4.07,5.56,-5.56,-5.47,-1.49,-1.49,-1.49
322,4.00,5.49,3.99,5.48,-5.48,-5.41,-1.48,-1.49,-1.49
325,3.87,5.36,3.91,5.40,-5.40,-5.36,-1.53,-1.49,-1.49
328,3.89,5.37,3.84,5.32,-5.32,-5.30,-1.43,-1.48,-1.48
332,3.70,5.18,3.76,5.24,-5.24,-5.23,-1.54,-1.48,-1.48
335,3.66,5.14,3.69,5.17,-5.17,-5.18,-1.51,-1.48,-1.48
338,3.68,5.16,3.61,5.09,-5.09,-5.13,-1.41,-1.48,-1.48
342,3.53,5.01,3.54,5.02,-5.02,-5.06,-1.49,-1.48,-1.48
345,3.45,4.93,3.47,4.95,-4.95,-5.00,-1.49,-1.48,-1.48
349,3.44,4.92,3.40,4.87,-4.87,-4.93,-1.43,-1.48,-1.48
352,3.33,4.81,3.33,4.80,-4.80,-4.88,-1.47,-1.47,-1.47
356,3.23,4.71,3.26,4.74,-4.74,-4.81,-1.51,-1.47,-1.47
359,3.17,4.65,3.20,4.67,-4.67,-4.75,-1.50,-1.47,-1.47
363,3.12,4.60,3.13,4.61,-4.61,-4.68,-1.48,-1.48,-1.47
366,3.08,4.56,3.07,4.54,-4.54,-4.63,-1.46,-1.48,-1.47
370,3.00,4.48,3.00,4.48,-4.48,-4.55,-1.48,-1.48,-1.48
374,2.95,4.43,2.94,4.41,-4.41,-4.48,-1.46,-1.48,-1.48
377,2.90,4.38,2.87,4.35,-4.35,-4.42,-1.45,-1.48,-1.47
381,2.84,4.31,2.81,4.28,-4.28,-4.35,-1.44,-1.47,-1.47
385,2.73,4.20,2.74,4.21,-4.21,-4.27,-1.48,-1.47,-1.47
389,2.58,4.05,2.68,4.14,-4.14,-4.19,-1.56,-1.47,-1.47
393,2.61,4.08,2.61,4.08,-4.08,-4.11,-1.46,-1.46,-1.46
397,2.57,4.03,2.55,4.01,-4.01,-4.04,-1.44,-1.46,-1.46
401,2.49,3.94,2.48,3.93,-3.93,-3.96,-1.44,-1.45,-1.45
405,2.42,3.86,2.42,3.86,-3.86,-3.88,-1.44,-1.44,-1.44
409,2.37,3.80,2.35,3.78,-3.78,-3.80,-1.41,-1.43,-1.43
413,2.31,3.72,2.28,3.70,-3.70,-3.72,-1.38,-1.41,-1.41
417,2.22,3.62,2.21,3.61,-3.61,-3.65,-1.39,-1.39,-1.39
421,2.18,3.55,2.14,3.52,-3.52,-3.57,-1.34,-1.37,-1.37
425,2.09,3.44,2.08,3.43,-3.43,-3.50,-1.34,-1.35,-1.35
430,1.92,3.24,2.03,3.35,-3.35,-3.41,-1.43,-1.32,-1.32
434,1.91,3.20,1.98,3.27,-3.27,-3.33,-1.36,-1.29,-1.29
438,2.01,3.27,1.94,3.20,-3.20,-3.26,-1.19,-1.26,-1.26
443,1.94,3.17,1.92,3.14,-3.14,-3.17,-1.20,-1.22,-1.23
447,1.80,2.99,1.90,3.09,-3.09,-3.10,-1.28,-1.19,-1.19
451,1.92,3.07,1.88,3.03,-3.03,-3.04,-1.11,-1.15,-1.15
456,1.96,3.07,1.87,2.98,-2.98,-2.95,-1.02,-1.11,-1.11
460,1.80,2.87,1.86,2.93,-2.93,-2.89,-1.13,-1.07,-1.07
465,1.88,2.91,1.85,2.88,-2.88,-2.81,-1.00,-1.03,-1.03
470,1.87,2.86,1.84,2.83,-2.83,-2.73,-0.96,-0.99,-0.99
474,1.79,2.74,1.82,2.77,-2.77,-2.67,-0.98,-0.95,-0.95
479,1.74,2.66,1.80,2.71,-2.71,-2.59,-0.97,-0.92,-0.92
484,1.81,2.69,1.77,2.66,-2.66,-2.52,-0.85,-0.88,-0.88
489,1.74,2.59,1.75,2.60,-2.60,-2.45,-0.86,-0.85,-0.85
494,1.72,2.55,1.72,2.54,-2.54,-2.38,-0.82,-0.83,-0.83
499,1.70,2.51,1.68,2.49,-2.49,-2.31,-0.79,-0.81,-0.80
504,1.63,2.42,1.64,2.43,-2.43,-2.24,-0.80,-0.79,-0.79
509,1.60,2.37,1.60,2.37,-2.37,-2.18,-0.77,-0.77,-0.77
514,1.56,2.32,1.55,2.31,-2.31,-2.11,-0.75,-0.76,-0.76
519,1.48,2.24,1.49,2.25,-2.25,-2.05,-0.77,-0.76,-0.76
524,1.41,2.17,1.43,2.18,-2.18,-1.99,-0.77,-0.76,-0.76
529,1.29,2.05,1.36,2.12,-2.12,-1.93,-0.82,-0.76,-0.76
535,1.38,2.14,1.28,2.04,-2.04,-1.86,-0.66,-0.76,-0.76
540,1.24,2.01,1.19,1.96,-1.96,-1.80,-0.72,-0.77,-0.77
545,0.98,1.76,1.09,1.87,-1.87,-1.74,-0.89,-0.78,-0.78
551,1.05,1.84,0.99,1.78,-1.78,-1.68,-0.73,-0.79,-0.79
556,0.97,1.78,0.88,1.68,-1.68,-1.62,-0.71,-0.81,-0.81
562,0.63,1.45,0.76,1.58,-1.58,-1.56,-0.95,-0.82,-0.82
568,0.69,1.52,0.65,1.48,-1.48,-1.50,-0.78,-0.83,-0.83
573,0.55,1.39,0.54,1.37,-1.37,-1.44,-0.82,-0.84,-0.84
579,0.38,1.22,0.43,1.27,-1.27,-1.38,-0.89,-0.84,-0.84
585,0.42,1.27,0.34,1.18,-1.18,-1.32,-0.76,-0.85,-0.85
591,0.23,1.08,0.25,1.10,-1.10,-1.26,-0.87,-0.85,-0.85
596,0.06,0.91,0.18,1.03,-1.03,-1.22,-0.97,-0.84,-0.84
602,0.14,0.98,0.13,0.96,-0.96,-1.16,-0.82,-0.84,-0.84
608,0.10,0.93,0.08,0.91,-0.91,-1.10,-0.80,-0.83,-0.83
615,0.05,0.86,0.05,0.86,-0.86,-1.04,-0.81,-0.81,-0.81
621,-0.02,0.78,0.02,0.81,-0.81,-0.98,-0.83,-0.79,-0.79
627,0.05,0.82,0.00,0.77,-0.77,-0.93,-0.72,-0.77,-0.77
633,0.12,0.87,-0.01,0.74,-0.74,-0.88,-0.62,-0.75,-0.75
639,-0.04,0.68,-0.01,0.71,-0.71,-0.83,-0.74,-0.72,-0.72
646,-0.17,0.52,-0.01,0.68,-0.68,-0.77,-0.85,-0.69,-0.69
652,-0.08,0.58,-0.00,0.65,-0.65,-0.72,-0.73,-0.66,-0.66
659,0.02,0.64,0.01,0.63,-0.63,-0.66,-0.61,-0.62,-0.62
665,0.13,0.72,0.02,0.61,-0.61,-0.62,-0.47,-0.59,-0.59
672,0.08,0.64,0.02,0.58,-0.58,-0.56,-0.50,-0.56,-0.55
679,0.04,0.56,0.03,0.55,-0.55,-0.51,-0.51,-0.52,-0.52
686,0.00,0.49,0.03,0.52,-0.52,-0.46,-0.52,-0.49,-0.49
692,-0.01,0.45,0.02,0.48,-0.48,-0.41,-0.49,-0.46,-0.46
699,-0.04,0.39,0.01,0.43,-0.43,-0.36,-0.47,-0.43,-0.43
706,-0.02,0.38,-0.01,0.39,-0.39,-0.32,-0.40,-0.40,-0.40
713,0.03,0.40,-0.04,0.33,-0.33,-0.27,-0.30,-0.37,-0.37
721,-0.02,0.33,-0.07,0.28,-0.28,-0.22,-0.30,-0.35,-0.35
728,-0.15,0.18,-0.11,0.22,-0.22,-0.18,-0.37,-0.33,-0.33
735,-0.17,0.14,-0.14,0.16,-0.16,-0.13,-0.33,-0.31,-0.31
742,-0.20,0.09,-0.19,0.10,-0.10,-0.10,-0.30,-0.29,-0.29
750,-0.23,0.05,-0.23,0.04,-0.04,-0.05,-0.27,-0.27,-0.27
757,-0.23,0.03,-0.27,-0.01,0.01,-0.02,-0.22,-0.26,-0.26
765,-0.24,0.01,-0.31,-0.07,0.07,0.02,-0.17,-0.25,-0.25
773,-0.40,-0.16,-0.35,-0.11,0.11,0.06,-0.29,-0.24,-0.24
780,-0.41,-0.18,-0.37,-0.14,0.14,0.09,-0.26,-0.23,-0.23
788,-0.41,-0.19,-0.38,-0.16,0.16,0.12,-0.24,-0.22,-0.22
796,-0.42,-0.21,-0.38,-0.17,0.17,0.15,-0.25,-0.21,-0.21
804,-0.43,-0.23,-0.37,-0.16,0.16,0.17,-0.26,-0.20,-0.20
812,-0.34,-0.14,-0.35,-0.15,0.15,0.20,-0.19,-0.20,-0.20
820,-0.30,-0.11,-0.32,-0.13,0.13,0.22,-0.17,-0.19,-0.19
828,-0.30,-0.12,-0.30,-0.12,0.12,0.23,-0.18,-0.18,-0.18
837,-0.30,-0.12,-0.30,-0.12,0.12,0.25,-0.18,-0.18,-0.18
845,-0.24,-0.07,-0.30,-0.13,0.13,0.26,-0.10,-0.17,-0.17
853,-0.20,-0.04,-0.33,-0.16,0.16,0.27,-0.04,-0.16,-0.16
862,-0.30,-0.14,-0.36,-0.21,0.21,0.28,-0.09,-0.15,-0.15
871,-0.42,-0.27,-0.41,-0.26,0.26,0.29,-0.16,-0.15,-0.15
879,-0.54,-0.40,-0.45,-0.31,0.31,0.29,-0.23,-0.14,-0.14
888,-0.56,-0.43,-0.49,-0.36,0.36,0.29,-0.20,-0.13,-0.13
897,-0.54,-0.41,-0.51,-0.39,0.39,0.29,-0.15,-0.12,-0.12
906,-0.55,-0.43,-0.52,-0.41,0.41,0.28,-0.14,-0.12,-0.12
915,-0.53,-0.42,-0.51,-0.40,0.40,0.27,-0.13,-0.11,-0.11
924,-0.45,-0.35,-0.48,-0.38,0.38,0.26,-0.07,-0.10,-0.10
933,-0.45,-0.36,-0.43,-0.34,0.34,0.25,-0.10,-0.09,-0.09
943,-0.39,-0.31,-0.37,-0.30,0.30,0.24,-0.09,-0.07,-0.07
952,-0.25,-0.19,-0.31,-0.25,0.25,0.22,-0.00,-0.06,-0.06
962,-0.25,-0.20,-0.25,-0.20,0.20,0.20,-0.05,-0.05,-0.05
971,-0.24,-0.20,-0.18,-0.15,0.15,0.18,-0.09,-0.03,-0.03
981,-0.11,-0.09,-0.13,-0.11,0.11,0.16,-0.00,-0.02,-0.02
991,-0.01,-0.01,-0.08,-0.07,0.07,0.14,0.07,-0.00,-0.00
1001,0.00,-0.02,-0.03,-0.05,0.05,0.11,0.05,0.02,0.02
1011,0.02,-0.02,0.01,-0.03,0.03,0.09,0.05,0.04,0.04
1021,0.04,-0.02,0.05,-0.01,0.01,0.06,0.05,0.06,0.06
1031,0.07,-0.01,0.09,0.01,-0.01,0.03,0.06,0.08,0.08
1041,0.10,-0.01,0.14,0.03,-0.03,0.00,0.07,0.11,0.11
1052,0.14,0.01,0.19,0.05,-0.05,-0.03,0.09,0.14,0.13
1062,0.26,0.10,0.24,0.08,-0.08,-0.06,0.18,0.16,0.16
1073,0.32,0.13,0.30,0.11,-0.11,-0.09,0.22,0.19,0.19
1084,0.37,0.15,0.36,0.14,-0.14,-0.13,0.24,0.23,0.22
1094,0.42,0.16,0.42,0.17,-0.17,-0.16,0.25,0.26,0.26
1105,0.48,0.19,0.49,0.20,-0.20,-0.19,0.28,0.29,0.29
1116,0.55,0.23,0.55,0.23,-0.23,-0.23,0.32,0.32,0.32
1128,0.62,0.26,0.61,0.25,-0.25,-0.27,0.37,0.36,0.36
1139,0.69,0.30,0.67,0.28,-0.28,-0.30,0.41,0.39,0.39
1150,0.76,0.33,0.73,0.30,-0.30,-0.34,0.46,0.43,0.43
1162,0.76,0.30,0.79,0.33,-0.33,-0.38,0.43,0.46,0.46
1173,0.85,0.36,0.85,0.36,-0.36,-0.42,0.49,0.49,0.49
1185,0.85,0.33,0.91,0.39,-0.39,-0.46,0.46,0.52,0.52
1197,0.95,0.40,0.97,0.42,-0.42,-0.51,0.53,0.55,0.55
1209,1.07,0.49,1.04,0.46,-0.46,-0.55,0.61,0.58,0.58
1221,1.16,0.56,1.10,0.50,-0.50,-0.59,0.66,0.60,0.60
1233,1.19,0.57,1.17,0.55,-0.55,-0.64,0.64,0.62,0.62
1246,1.18,0.54,1.23,0.59,-0.59,-0.69,0.59,0.64,0.64
1258,1.26,0.60,1.30,0.65,-0.65,-0.74,0.61,0.66,0.66
1271,1.41,0.74,1.37,0.70,-0.70,-0.79,0.71,0.67,0.67
1283,1.45,0.77,1.44,0.76,-0.76,-0.84,0.69,0.68,0.68
1296,1.49,0.81,1.51,0.83,-0.83,-0.89,0.66,0.68,0.68
1309,1.56,0.87,1.58,0.90,-0.90,-0.95,0.66,0.69,0.69
1322,1.67,0.98,1.66,0.97,-0.97,-1.01,0.70,0.69,0.69
1335,1.76,1.07,1.73,1.05,-1.05,-1.07,0.72,0.69,0.69
1349,1.83,1.15,1.81,1.12,-1.12,-1.13,0.71,0.68,0.68
1362,1.88,1.20,1.88,1.20,-1.20,-1.20,0.68,0.68,0.68
1376,1.87,1.20,1.96,1.29,-1.29,-1.27,0.58,0.67,0.67
1390,2.06,1.40,2.03,1.37,-1.37,-1.35,0.69,0.66,0.66
1404,2.22,1.57,2.12,1.46,-1.46,-1.43,0.76,0.65,0.65
1418,2.15,1.51,2.20,1.56,-1.56,-1.52,0.59,0.64,0.64
1432,2.23,1.60,2.29,1.66,-1.66,-1.61,0.57,0.63,0.63
1446,2.39,1.76,2.39,1.76,-1.76,-1.71,0.63,0.63,0.63
1461,2.51,1.89,2.50,1.88,-1.88,-1.82,0.63,0.62,0.62
1475,2.62,2.00,2.61,1.99,-1.99,-1.93,0.63,0.62,0.62
1490,2.72,2.10,2.73,2.11,-2.11,-2.05,0.61,0.62,0.62
1505,2.84,2.22,2.85,2.23,-2.23,-2.18,0.61,0.62,0.62
1520,2.99,2.37,2.98,2.36,-2.36,-2.32,0.63,0.62,0.62
1535,3.14,2.51,3.11,2.48,-2.48,-2.47,0.66,0.63,0.63
1550,3.26,2.61,3.25,2.60,-2.60,-2.62,0.66,0.65,0.65
1566,3.37,2.70,3.40,2.73,-2.73,-2.78,0.64,0.67,0.67
1582,3.50,2.81,3.54,2.85,-2.85,-2.94,0.65,0.69,0.69
1597,3.69,2.97,3.69,2.97,-2.97,-3.08,0.72,0.72,0.72
1613,3.83,3.08,3.84,3.08,-3.08,-3.23,0.75,0.76,0.76
1629,4.04,3.25,3.99,3.20,-3.20,-3.35,0.84,0.80,0.80
1646,4.20,3.36,4.15,3.30,-3.30,-3.45,0.90,0.84,0.84
1662,4.27,3.38,4.30,3.41,-3.41,-3.53,0.87,0.89,0.89
1679,4.37,3.42,4.45,3.50,-3.50,-3.58,0.87,0.95,0.95
1696,4.63,3.62,4.60,3.59,-3.59,-3.61,1.04,1.01,1.01
1713,4.71,3.63,4.75,3.67,-3.67,-3.63,1.04,1.08,1.08
1730,4.91,3.76,4.89,3.74,-3.74,-3.63,1.17,1.15,1.15
1747,5.13,3.90,5.03,3.81,-3.81,-3.63,1.32,1.23,1.23
1764,5.18,3.87,5.17,3.86,-3.86,-3.63,1.32,1.31,1.31
1782,5.25,3.86,5.30,3.91,-3.91,-3.64,1.34,1.39,1.39
1800,5.35,3.87,5.42,3.95,-3.95,-3.65,1.41,1.48,1.48
1818,5.59,4.02,5.54,3.97,-3.97,-3.68,1.62,1.57,1.57
1836,5.72,4.06,5.66,4.00,-4.00,-3.71,1.72,1.66,1.66
1854,5.80,4.04,5.78,4.02,-4.02,-3.75,1.79,1.76,1.76
1873,5.83,3.97,5.89,4.03,-4.03,-3.80,1.80,1.86,1.86
1892,5.98,4.02,6.01,4.04,-4.04,-3.86,1.94,1.96,1.96
1911,6.13,4.06,6.12,4.06,-4.06,-3.93,2.07,2.07,2.07
1930,6.26,4.09,6.25,4.07,-4.07,-4.00,2.19,2.17,2.17
1949,6.39,4.11,6.37,4.09,-4.09,-4.07,2.30,2.28,2.28
1969,6.52,4.13,6.50,4.11,-4.11,-4.16,2.41,2.39,2.39
1988,6.61,4.10,6.64,4.14,-4.14,-4.24,2.48,2.51,2.51
2008,6.74,4.12,6.79,4.17,-4.17,-4.33,2.58,2.62,2.62
2028,6.98,4.24,6.94,4.20,-4.20,-4.42,2.78,2.74,2.74
2048,7.13,4.27,7.11,4.24,-4.24,-4.50,2.89,2.87,2.87
2069,7.25,4.26,7.28,4.28,-4.28,-4.59,2.97,2.99,2.99
2090,7.37,4.25,7.45,4.33,-4.33,-4.68,3.04,3.12,3.12
2111,7.66,4.41,7.63,4.38,-4.38,-4.76,3.28,3.25,3.25
2132,7.88,4.49,7.82,4.43,-4.43,-4.83,3.45,3.39,3.39
2153,8.02,4.49,8.01,4.47,-4.47,-4.90,3.55,3.53,3.53
2175,8.20,4.52,8.20,4.52,-4.52,-4.96,3.68,3.68,3.68
2196,8.36,4.53,8.39,4.56,-4.56,-5.01,3.80,3.83,3.83
2218,8.55,4.56,8.58,4.59,-4.59,-5.05,3.96,3.99,3.99
2240,8.75,4.60,8.77,4.62,-4.62,-5.08,4.13,4.15,4.15
2263,8.95,4.64,8.96,4.64,-4.64,-5.10,4.31,4.31,4.31
2285,9.17,4.69,9.14,4.66,-4.66,-5.10,4.52,4.48,4.48
2308,9.37,4.71,9.32,4.66,-4.66,-5.10,4.71,4.66,4.66
2331,9.49,4.66,9.48,4.65,-4.65,-5.07,4.84,4.83,4.83
2355,9.65,4.64,9.65,4.63,-4.63,-5.04,5.02,5.01,5.01
2378,9.80,4.60,9.80,4.60,-4.60,-4.99,5.20,5.20,5.20
2402,9.94,4.56,9.95,4.57,-4.57,-4.93,5.37,5.38,5.38
2426,10.10,4.53,10.10,4.53,-4.53,-4.86,5.57,5.57,5.57
2450,10.22,4.46,10.25,4.49,-4.49,-4.77,5.73,5.76,5.76
2475,10.39,4.44,10.40,4.45,-4.45,-4.68,5.94,5.95,5.95
2500,10.59,4.46,10.56,4.42,-4.42,-4.57,6.17,6.13,6.14
2525,10.77,4.45,10.72,4.40,-4.40,-4.46,6.37,6.32,6.32
2550,10.80,4.29,10.89,4.38,-4.38,-4.34,6.42,6.51,6.51
2575,10.98,4.28,11.07,4.37,-4.37,-4.22,6.61,6.70,6.70
2601,11.21,4.33,11.24,4.36,-4.36,-4.08,6.85,6.88,6.88
2627,11.40,4.33,11.41,4.35,-4.35,-3.95,7.05,7.07,7.07
2653,11.61,4.36,11.57,4.32,-4.32,-3.81,7.29,7.25,7.25
2680,11.81,4.38,11.71,4.28,-4.28,-3.66,7.53,7.43,7.43
2707,11.86,4.26,11.83,4.22,-4.22,-3.52,7.64,7.60,7.60
2734,11.89,4.11,11.91,4.13,-4.13,-3.37,7.76,7.78,7.78
2761,11.95,4.00,11.96,4.01,-4.01,-3.22,7.94,7.95,7.95
2789,12.00,3.88,11.98,3.86,-3.86,-3.06,8.14,8.12,8.12
2817,12.00,3.71,11.97,3.68,-3.68,-2.91,8.32,8.29,8.29
2845,11.98,3.53,11.92,3.47,-3.47,-2.75,8.51,8.45,8.45
2873,11.83,3.22,11.85,3.23,-3.23,-2.60,8.60,8.61,8.61
2902,11.73,2.96,11.76,2.98,-2.98,-2.44,8.75,8.77,8.77
2931,11.67,2.74,11.65,2.72,-2.72,-2.27,8.95,8.93,8.93
2960,11.54,2.46,11.54,2.46,-2.46,-2.11,9.08,9.08,9.08
2990,11.34,2.11,11.43,2.20,-2.20,-1.94,9.14,9.23,9.23
3020,11.24,1.87,11.31,1.94,-1.94,-1.77,9.30,9.37,9.37
3050,11.20,1.69,11.20,1.69,-1.69,-1.59,9.51,9.51,9.51
3080,11.10,1.45,11.09,1.44,-1.44,-1.41,9.67,9.65,9.65
3111,10.93,1.15,10.96,1.18,-1.18,-1.22,9.75,9.78,9.78
3142,10.83,0.93,10.83,0.93,-0.93,-1.02,9.90,9.90,9.90
3174,10.72,0.71,10.67,0.66,-0.66,-0.81,10.06,10.02,10.01
3206,10.57,0.45,10.50,0.38,-0.38,-0.59,10.19,10.12,10.12
3238,10.40,0.19,10.30,0.09,-0.09,-0.36,10.31,10.21,10.21
3270,10.14,-0.15,10.09,-0.21,0.21,-0.12,10.35,10.30,10.30
3303,9.83,-0.53,9.86,-0.50,0.50,0.13,10.33,10.36,10.36
3336,9.59,-0.83,9.64,-0.78,0.78,0.40,10.37,10.42,10.42
3369,9.36,-1.09,9.42,-1.04,1.04,0.67,10.40,10.45,10.46
3403,9.12,-1.35,9.21,-1.26,1.26,0.95,10.38,10.47,10.47
3437,8.99,-1.48,9.02,-1.45,1.45,1.24,10.44,10.47,10.47
3471,8.81,-1.64,8.85,-1.60,1.60,1.51,10.41,10.45,10.45
3506,8.66,-1.75,8.69,-1.72,1.72,1.78,10.38,10.41,10.41
3541,8.55,-1.79,8.53,-1.81,1.81,2.02,10.36,10.34,10.35
3576,8.44,-1.82,8.37,-1.89,1.89,2.21,10.33,10.25,10.26
3612,8.22,-1.92,8.19,-1.95,1.95,2.35,10.17,10.14,10.15
3648,8.05,-1.96,8.00,-2.01,2.01,2.43,10.06,10.01,10.01
3685,7.85,-2.00,7.79,-2.06,2.06,2.44,9.91,9.85,9.85
3721,7.66,-2.01,7.57,-2.10,2.10,2.39,9.76,9.67,9.67
3759,7.35,-2.12,7.35,-2.12,2.12,2.27,9.47,9.47,9.47
3796,7.07,-2.18,7.13,-2.11,2.11,2.11,9.18,9.25,9.25
3834,6.86,-2.15,6.94,-2.07,2.07,1.92,8.93,9.01,9.02
3873,6.66,-2.10,6.78,-1.98,1.98,1.70,8.64,8.76,8.76
3911,6.59,-1.91,6.65,-1.85,1.85,1.48,8.44,8.50,8.50
3950,6.51,-1.71,6.55,-1.68,1.68,1.26,8.19,8.22,8.22
3990,6.47,-1.47,6.47,-1.47,1.47,1.05,7.94,7.94,7.94
4030,6.47,-1.19,6.41,-1.25,1.25,0.84,7.72,7.66,7.66
4070,6.43,-0.94,6.36,-1.01,1.01,0.65,7.44,7.37,7.37
4111,6.38,-0.71,6.32,-0.77,0.77,0.46,7.15,7.09,7.09
4152,6.31,-0.50,6.27,-0.54,0.54,0.29,6.85,6.81,6.81
4193,6.24,-0.29,6.23,-0.30,0.30,0.14,6.54,6.54,6.53
4235,6.19,-0.08,6.20,-0.08,0.08,-0.01,6.27,6.27,6.27
4278,6.12,0.10,6.18,0.15,-0.15,-0.15,5.97,6.02,6.02
4321,6.07,0.29,6.16,0.38,-0.38,-0.28,5.70,5.79,5.79
4364,6.10,0.54,6.17,0.60,-0.60,-0.41,5.50,5.57,5.57
4407,6.21,0.85,6.18,0.81,-0.81,-0.52,5.40,5.37,5.36
4451,6.26,1.08,6.21,1.02,-1.02,-0.64,5.24,5.18,5.18
4496,6.34,1.32,6.24,1.22,-1.22,-0.75,5.12,5.02,5.02
4541,6.30,1.43,6.28,1.41,-1.41,-0.86,4.90,4.88,4.87
4586,6.32,1.57,6.33,1.58,-1.58,-0.98,4.75,4.75,4.75
4632,6.38,1.74,6.38,1.73,-1.73,-1.09,4.65,4.65,4.64
4679,6.38,1.83,6.44,1.88,-1.88,-1.21,4.50,4.56,4.56
4725,6.42,1.93,6.51,2.02,-2.02,-1.33,4.40,4.49,4.49
4773,6.65,2.22,6.60,2.16,-2.16,-1.46,4.49,4.44,4.44
4820,6.78,2.38,6.70,2.30,-2.30,-1.59,4.48,4.40,4.40
4868,6.80,2.42,6.82,2.44,-2.44,-1.74,4.36,4.38,4.38
4917,6.88,2.51,6.95,2.58,-2.58,-1.90,4.30,4.37,4.37
4966,7.08,2.71,7.10,2.73,-2.73,-2.06,4.35,4.37,4.37
5016,7.31,2.93,7.27,2.89,-2.89,-2.25,4.42,4.38,4.38
5066,7.49,3.10,7.46,3.06,-3.06,-2.45,4.43,4.39,4.39
5117,7.76,3.35,7.67,3.26,-3.26,-2.68,4.50,4.41,4.41
5168,8.01,3.58,7.92,3.48,-3.48,-2.93,4.53,4.44,4.44
5220,7.92,3.46,8.19,3.74,-3.74,-3.21,4.18,4.46,4.46
5272,8.40,3.92,8.51,4.03,-4.03,-3.52,4.37,4.48,4.48
5325,8.77,4.27,8.85,4.36,-4.36,-3.86,4.41,4.50,4.50
5378,9.21,4.70,9.23,4.72,-4.72,-4.25,4.49,4.51,4.51
5432,9.80,5.29,9.62,5.11,-5.11,-4.68,4.69,4.51,4.51
5486,10.10,5.59,10.03,5.52,-5.52,-5.15,4.58,4.51,4.51
5541,10.40,5.91,10.44,5.95,-5.95,-5.68,4.45,4.49,4.49
5596,10.83,6.37,10.85,6.38,-6.38,-6.24,4.45,4.46,4.47
5652,11.18,6.76,11.24,6.82,-6.82,-6.84,4.36,4.42,4.43
5709,11.44,7.07,11.62,7.25,-7.25,-7.46,4.19,4.37,4.37
5766,12.11,7.81,11.97,7.67,-7.67,-8.06,4.44,4.30,4.30
5823,12.22,8.00,12.27,8.05,-8.05,-8.57,4.17,4.22,4.22
5882,12.20,8.08,12.49,8.37,-8.37,-8.94,3.83,4.12,4.12
5940,12.65,8.64,12.62,8.61,-8.61,-9.10,4.04,4.01,4.01
6000,12.86,8.97,12.63,8.74,-8.74,-9.01,4.12,3.88,3.89
6060,12.90,9.15,12.49,8.75,-8.75,-8.69,4.15,3.75,3.75
6120,12.57,8.97,12.22,8.62,-8.62,-8.20,3.95,3.60,3.60
6182,11.87,8.43,11.79,8.35,-8.35,-7.59,3.52,3.44,3.44
6244,11.17,7.90,11.24,7.96,-7.96,-6.95,3.21,3.27,3.28
6306,10.59,7.49,10.57,7.47,-7.47,-6.31,3.12,3.10,3.10
6369,9.92,7.00,9.82,6.91,-6.91,-5.70,3.01,2.92,2.92
6433,8.98,6.25,9.03,6.29,-6.29,-5.12,2.69,2.73,2.73
6497,8.22,5.67,8.22,5.67,-5.67,-4.60,2.55,2.55,2.55
6562,7.37,5.01,7.41,5.05,-5.05,-4.12,2.33,2.37,2.36
6628,6.42,4.25,6.64,4.45,-4.45,-3.68,1.97,2.18,2.17
6694,5.71,3.72,5.90,3.90,-3.90,-3.28,1.81,2.01,1.99
6761,4.99,3.18,5.22,3.39,-3.39,-2.92,1.61,1.83,1.81
6828,4.14,2.51,4.58,2.91,-2.91,-2.58,1.23,1.66,1.64
6897,3.53,2.06,3.98,2.48,-2.48,-2.26,1.06,1.50,1.47
6966,3.01,1.71,3.41,2.06,-2.06,-1.95,0.95,1.35,1.31
7035,2.45,1.30,2.85,1.65,-1.65,-1.65,0.80,1.20,1.15
7106,1.98,0.97,2.31,1.24,-1.24,-1.35,0.74,1.06,1.01
7177,1.53,0.66,1.77,0.84,-0.84,-1.05,0.69,0.93,0.87
7249,1.10,0.36,1.25,0.45,-0.45,-0.74,0.65,0.80,0.74
7321,0.55,-0.07,0.75,0.06,-0.06,-0.43,0.49,0.69,0.63
7394,0.08,-0.44,0.27,-0.31,0.21,-0.12,0.29,0.49,0.52
7468,-0.53,-0.95,-0.18,-0.65,0.36,0.16,-0.17,0.18,0.42
7543,-1.10,-1.42,-0.60,-0.98,0.38,0.38,-0.71,-0.21,0.33
7618,-1.52,-1.76,-0.99,-1.28,0.34,0.49,-1.18,-0.65,0.24
7694,-1.80,-1.97,-1.35,-1.57,0.29,0.49,-1.51,-1.06,0.17
7771,-2.01,-2.11,-1.69,-1.83,0.24,0.41,-1.77,-1.45,0.10
7849,-2.08,-2.13,-2.00,-2.08,0.18,0.28,-1.90,-1.82,0.05
7928,-2.13,-2.13,-2.29,-2.31,0.14,0.15,-1.99,-2.15,-0.00
8007,-2.35,-2.31,-2.55,-2.52,0.11,0.03,-2.24,-2.45,-0.04
8087,-2.49,-2.41,-2.80,-2.72,0.08,-0.07,-2.41,-2.72,-0.08
8168,-2.54,-2.43,-3.03,-2.91,0.06,-0.14,-2.48,-2.96,-0.11
8250,-2.45,-2.32,-3.23,-3.07,0.05,-0.20,-2.40,-3.18,-0.13
8332,-2.59,-2.44,-3.42,-3.22,0.04,-0.24,-2.55,-3.38,-0.15
8415,-2.77,-2.60,-3.58,-3.36,0.03,-0.27,-2.74,-3.55,-0.17
8499,-2.94,-2.76,-3.72,-3.47,0.02,-0.29,-2.92,-3.70,-0.18
8584,-3.18,-2.99,-3.84,-3.56,0.02,-0.31,-3.16,-3.82,-0.19
8670,-3.37,-3.17,-3.93,-3.63,0.01,-0.31,-3.36,-3.91,-0.20
8757,-3.51,-3.31,-3.99,-3.67,0.01,-0.32,-3.50,-3.98,-0.20
8845,-3.60,-3.39,-4.02,-3.69,0.01,-0.32,-3.59,-4.01,-0.21
8933,-3.85,-3.63,-4.01,-3.68,0.01,-0.31,-3.84,-4.01,-0.22
9022,-3.95,-3.72,-3.97,-3.63,0.00,-0.31,-3.95,-3.97,-0.23
9113,-4.38,-4.14,-3.90,-3.56,0.00,-0.30,-4.38,-3.90,-0.24
9204,-4.80,-4.55,-3.79,-3.46,0.00,-0.30,-4.80,-3.79,-0.25
9296,-5.22,-4.96,-3.65,-3.33,0.00,-0.29,-5.22,-3.64,-0.26
9389,-5.20,-4.93,-3.47,-3.17,0.00,-0.28,-5.20,-3.46,-0.27
9483,-5.17,-4.90,-3.25,-2.99,0.00,-0.27,-5.17,-3.25,-0.27
9577,-4.94,-4.67,-3.01,-2.78,0.00,-0.27,-4.94,-3.01,-0.27
9673,-4.52,-4.26,-2.73,-2.56,0.00,-0.26,-4.52,-2.73,-0.26
9770,-4.04,-3.79,-2.44,-2.33,0.00,-0.25,-4.04,-2.44,-0.25
9868,-3.00,-2.78,-2.13,-2.09,0.00,-0.24,-3.00,-2.13,-0.22
9966,-2.24,-2.06,-1.80,-1.85,0.00,-0.23,-2.24,-1.80,-0.18
10066,-0.65,-0.52,-1.47,-1.61,0.00,-0.23,-0.65,-1.47,-0.13
10167,-0.26,-0.20,-1.14,-1.39,0.00,-0.22,-0.26,-1.14,-0.06
10268,0.10,0.07,-0.82,-1.18,0.00,-0.21,0.10,-0.82,0.03
10371,1.17,1.03,-0.51,-0.99,0.00,-0.20,1.17,-0.51,0.14
10475,2.43,2.17,-0.23,-0.83,0.00,-0.20,2.43,-0.23,0.26
10579,0.47,0.07,0.03,-0.70,0.00,-0.19,0.47,0.03,0.41
10685,-0.81,-1.37,0.26,-0.60,0.00,-0.18,-0.81,0.26,0.56
10792,0.99,0.26,0.44,-0.55,0.00,-0.18,0.99,0.44,0.73
10900,3.08,2.18,0.58,-0.53,0.00,-0.17,3.08,0.58,0.90
11009,3.05,1.97,0.67,-0.55,0.00,-0.16,3.05,0.67,1.08
11119,2.15,0.89,0.70,-0.62,0.00,-0.16,2.15,0.70,1.26
11230,1.37,-0.06,0.68,-0.72,0.00,-0.15,1.37,0.68,1.43
11343,0.67,-0.91,0.60,-0.86,0.00,-0.15,0.67,0.60,1.58
11456,-0.22,-1.93,0.46,-1.04,0.00,-0.14,-0.22,0.46,1.71
11571,-1.41,-3.22,0.26,-1.26,0.00,-0.14,-1.41,0.26,1.81
11686,-2.39,-4.27,0.00,-1.50,0.00,-0.13,-2.39,0.00,1.88
11803,-2.41,-4.31,-0.32,-1.77,0.00,-0.13,-2.41,-0.32,1.90
11921,-2.69,-4.57,-0.69,-2.06,0.00,-0.12,-2.69,-0.69,1.88
12040,-2.10,-3.91,-1.12,-2.37,0.00,-0.12,-2.10,-1.12,1.81
12161,-1.41,-3.09,-1.60,-2.70,0.00,-0.11,-1.41,-1.60,1.69
12282,-1.41,-2.91,-2.12,-3.03,0.00,-0.11,-1.41,-2.12,1.51
12405,0.09,-1.18,-2.68,-3.37,0.00,-0.10,0.09,-2.68,1.27
12529,1.80,0.82,-3.28,-3.70,0.00,-0.10,1.80,-3.28,0.99
12655,0.39,-0.26,-3.89,-4.03,0.00,-0.10,0.39,-3.89,0.65
12781,-1.70,-1.96,-4.52,-4.34,0.00,-0.09,-1.70,-4.52,0.27
12909,-3.81,-3.65,-5.16,-4.64,0.00,-0.09,-3.81,-5.16,-0.16
13038,-5.27,-4.66,-5.79,-4.91,0.00,-0.09,-5.27,-5.79,-0.61
13168,-7.25,-6.16,-6.41,-5.15,0.00,-0.08,-7.25,-6.41,-1.09
13300,-8.57,-6.98,-7.01,-5.36,0.00,-0.08,-8.57,-7.01,-1.59
13433,-9.86,-7.76,-7.58,-5.54,0.00,-0.08,-9.86,-7.58,-2.09
13567,-10.58,-7.98,-8.10,-5.66,0.00,-0.07,-10.58,-8.10,-2.60
13703,-10.71,-7.62,-8.58,-5.75,0.00,-0.07,-10.71,-8.58,-3.09
13840,-10.72,-7.16,-8.99,-5.78,0.00,-0.07,-10.72,-8.99,-3.56
13978,-10.79,-6.78,-9.34,-5.76,0.00,-0.06,-10.79,-9.34,-4.01
14118,-10.57,-6.15,-9.62,-5.68,0.00,-0.06,-10.57,-9.62,-4.42
14259,-10.43,-5.64,-9.83,-5.56,0.00,-0.06,-10.43,-9.83,-4.79
14402,-10.19,-5.06,-9.95,-5.37,0.00,-0.06,-10.19,-9.95,-5.12
14546,-9.93,-4.52,-10.00,-5.14,0.00,-0.05,-9.93,-10.00,-5.41
14692,-10.09,-4.44,-9.97,-4.86,0.00,-0.05,-10.09,-9.97,-5.65
14838,-10.14,-4.30,-9.87,-4.54,0.00,-0.05,-10.14,-9.87,-5.84
14987,-10.30,-4.31,-9.69,-4.17,0.00,-0.05,-10.30,-9.69,-5.98
15137,-10.62,-4.53,-9.46,-3.78,0.00,-0.04,-10.62,-9.46,-6.09
15288,-10.73,-4.58,-9.17,-3.36,0.00,-0.04,-10.73,-9.17,-6.15
15441,-10.63,-4.45,-8.84,-2.93,0.00,-0.04,-10.63,-8.84,-6.18
15595,-11.14,-4.96,-8.47,-2.49,0.00,-0.04,-11.14,-8.47,-6.17
15751,-10.21,-4.06,-8.08,-2.06,0.00,-0.04,-10.21,-8.08,-6.15
15909,-9.18,-3.08,-7.69,-1.64,0.00,-0.04,-9.18,-7.69,-6.10
16068,-8.19,-2.15,-7.30,-1.25,0.00,-0.03,-8.19,-7.30,-6.04
16229,-6.67,-0.70,-6.94,-0.89,0.00,-0.03,-6.67,-6.94,-5.97
16391,-5.63,0.26,-6.60,-0.58,0.00,-0.03,-5.63,-6.60,-5.89
16555,-4.34,1.48,-6.31,-0.32,0.00,-0.03,-4.34,-6.31,-5.82
16720,-4.10,1.65,-6.08,-0.13,0.00,-0.03,-4.10,-6.08,-5.75
16888,-4.60,1.09,-5.92,-0.01,0.00,-0.03,-4.60,-5.92,-5.69
17056,-3.35,2.29,-5.84,0.03,0.00,-0.02,-3.35,-5.84,-5.64
17227,-2.60,3.00,-5.85,-0.02,0.00,-0.02,-2.60,-5.85,-5.60
17399,-2.64,2.94,-5.95,-0.16,0.00,-0.02,-2.64,-5.95,-5.58
17573,-3.81,1.76,-6.16,-0.39,0.00,-0.02,-3.81,-6.16,-5.57
17749,-5.16,0.42,-6.47,-0.72,0.00,-0.02,-5.16,-6.47,-5.57
17926,-6.10,-0.51,-6.90,-1.16,0.00,-0.02,-6.10,-6.90,-5.59
18106,-7.02,-1.39,-7.45,-1.70,0.00,-0.02,-7.02,-7.45,-5.63
18287,-8.59,-2.91,-8.11,-2.34,0.00,-0.02,-8.59,-8.11,-5.67
18470,-10.05,-4.31,-8.90,-3.09,0.00,-0.01,-10.05,-8.90,-5.74
18654,-11.92,-6.11,-9.81,-3.95,0.00,-0.01,-11.92,-9.81,-5.81
18841,-12.79,-6.89,-10.84,-4.91,0.00,-0.01,-12.79,-10.84,-5.90
19029,-14.36,-8.36,-11.99,-5.97,0.00,-0.01,-14.36,-11.99,-5.99
19220,-15.35,-9.24,-13.26,-7.15,0.00,-0.01,-15.35,-13.26,-6.11
19412,-16.06,-9.83,-14.66,-8.43,0.00,-0.01,-16.06,-14.66,-6.23
19606,-16.69,-10.32,-16.17,-9.81,0.00,-0.01,-16.69,-16.17,-6.37
19802,-17.09,-10.57,-17.81,-11.30,0.00,-0.01,-17.09,-17.81,-6.52
20000,-17.35,-10.67,-19.57,-12.90,0.00,-0.01,-17.35,-19.57,-6.68
