frequency,raw,error,smoothed,error_smoothed,equalization,parametric_eq,equalized_raw,equalized_smoothed,target
20,-2.62,-2.39,-2.53,-2.22,2.22,1.05,-0.39,-0.30,-0.23
21,-2.62,-2.38,-2.57,-2.28,2.28,1.22,-0.34,-0.29,-0.24
22,-2.62,-2.38,-2.60,-2.32,2.32,1.41,-0.29,-0.28,-0.24
23,-2.62,-2.37,-2.63,-2.37,2.37,1.61,-0.25,-0.27,-0.25
24,-2.62,-2.37,-2.66,-2.40,2.40,1.83,-0.22,-0.26,-0.25
25,-2.62,-2.36,-2.69,-2.43,2.43,2.05,-0.19,-0.26,-0.26
26,-2.62,-2.36,-2.71,-2.46,2.46,2.27,-0.16,-0.26,-0.26
27,-2.62,-2.35,-2.73,-2.47,2.47,2.48,-0.14,-0.26,-0.27
28,-2.71,-2.43,-2.75,-2.49,2.49,2.66,-0.22,-0.26,-0.28
29,-2.81,-2.52,-2.76,-2.49,2.49,2.80,-0.32,-0.27,-0.28
30,-2.81,-2.52,-2.77,-2.49,2.49,2.90,-0.31,-0.28,-0.29
31,-2.81,-2.51,-2.81,-2.50,2.50,2.95,-0.30,-0.30,-0.30
32,-2.81,-2.50,-2.84,-2.51,2.51,2.95,-0.30,-0.33,-0.31
33,-2.81,-2.49,-2.85,-2.51,2.51,2.90,-0.30,-0.35,-0.32
34,-2.81,-2.48,-2.86,-2.49,2.49,2.83,-0.32,-0.36,-0.33
35,-2.81,-2.47,-2.84,-2.46,2.46,2.72,-0.35,-0.38,-0.34
36,-2.91,-2.56,-2.80,-2.41,2.41,2.60,-0.50,-0.39,-0.35
37,-2.91,-2.55,-2.75,-2.34,2.34,2.47,-0.57,-0.41,-0.36
38,-2.71,-2.33,-2.67,-2.25,2.25,2.34,-0.46,-0.42,-0.38
39,-2.61,-2.22,-2.57,-2.15,2.15,2.21,-0.46,-0.42,-0.39
40,-2.64,-2.24,-2.47,-2.03,2.03,2.09,-0.61,-0.44,-0.40
41,-2.37,-1.95,-2.36,-1.91,1.91,1.97,-0.46,-0.45,-0.42
42,-2.19,-1.76,-2.25,-1.78,1.78,1.87,-0.41,-0.47,-0.43
43,-2.06,-1.61,-2.13,-1.65,1.65,1.77,-0.40,-0.47,-0.45
44,-1.95,-1.48,-2.01,-1.53,1.53,1.69,-0.41,-0.48,-0.46
45,-1.85,-1.37,-1.91,-1.42,1.42,1.61,-0.43,-0.48,-0.48
46,-1.75,-1.25,-1.82,-1.32,1.32,1.54,-0.42,-0.49,-0.50
47,-1.66,-1.14,-1.75,-1.24,1.24,1.48,-0.42,-0.51,-0.52
48,-1.66,-1.12,-1.71,-1.17,1.17,1.42,-0.49,-0.54,-0.54
49,-1.66,-1.10,-1.67,-1.11,1.11,1.37,-0.55,-0.56,-0.56
50,-1.66,-1.08,-1.65,-1.07,1.07,1.33,-0.59,-0.58,-0.58
51,-1.66,-1.06,-1.66,-1.04,1.04,1.29,-0.62,-0.62,-0.60
52,-1.64,-1.02,-1.67,-1.02,1.02,1.25,-0.61,-0.64,-0.62
53,-1.75,-1.10,-1.68,-1.01,1.01,1.22,-0.74,-0.67,-0.64
54,-1.75,-1.08,-1.69,-1.00,1.00,1.19,-0.75,-0.69,-0.67
55,-1.75,-1.06,-1.70,-0.99,0.99,1.16,-0.75,-0.71,-0.69
56,-1.75,-1.03,-1.72,-0.98,0.98,1.13,-0.76,-0.74,-0.72
57,-1.75,-1.00,-1.73,-0.97,0.97,1.11,-0.77,-0.76,-0.74
58,-1.75,-0.98,-1.75,-0.96,0.96,1.08,-0.79,-0.78,-0.77
59,-1.75,-0.95,-1.76,-0.95,0.95,1.05,-0.80,-0.81,-0.80
60,-1.75,-0.92,-1.77,-0.93,0.93,1.02,-0.82,-0.84,-0.82
61,-1.75,-0.89,-1.78,-0.91,0.91,0.99,-0.84,-0.87,-0.85
62,-1.75,-0.87,-1.78,-0.89,0.89,0.96,-0.86,-0.89,-0.88
63,-1.75,-0.84,-1.79,-0.87,0.87,0.93,-0.88,-0.92,-0.91
64,-1.80,-0.86,-1.80,-0.85,0.85,0.90,-0.95,-0.95,-0.94
65,-1.87,-0.89,-1.80,-0.82,0.82,0.86,-1.04,-0.98,-0.97
66,-1.85,-0.84,-1.81,-0.80,0.80,0.82,-1.05,-1.01,-1.00
67,-1.85,-0.81,-1.82,-0.78,0.78,0.79,-1.07,-1.04,-1.04
68,-1.85,-0.78,-1.83,-0.75,0.75,0.75,-1.09,-1.08,-1.07
69,-1.85,-0.75,-1.85,-0.73,0.73,0.71,-1.12,-1.11,-1.10
70,-1.85,-0.71,-1.86,-0.71,0.71,0.67,-1.14,-1.15,-1.14
71,-1.85,-0.68,-1.87,-0.69,0.69,0.63,-1.16,-1.18,-1.17
72,-1.85,-0.64,-1.88,-0.67,0.67,0.59,-1.18,-1.21,-1.20
73,-1.83,-0.59,-1.89,-0.64,0.64,0.55,-1.18,-1.24,-1.24
74,-1.86,-0.59,-1.89,-0.62,0.62,0.51,-1.24,-1.27,-1.27
75,-1.95,-0.64,-1.90,-0.60,0.60,0.47,-1.35,-1.30,-1.31
76,-1.95,-0.61,-1.92,-0.58,0.58,0.43,-1.37,-1.34,-1.34
77,-1.95,-0.57,-1.94,-0.55,0.55,0.39,-1.40,-1.39,-1.38
78,-1.95,-0.53,-1.95,-0.52,0.52,0.35,-1.43,-1.43,-1.41
79,-1.95,-0.50,-1.96,-0.49,0.49,0.31,-1.46,-1.46,-1.45
80,-1.95,-0.46,-1.96,-0.46,0.46,0.27,-1.49,-1.50,-1.49
81,-1.95,-0.43,-1.95,-0.41,0.41,0.23,-1.54,-1.54,-1.52
82,-1.95,-0.39,-1.94,-0.36,0.36,0.20,-1.58,-1.57,-1.56
83,-1.95,-0.35,-1.92,-0.31,0.31,0.16,-1.64,-1.61,-1.59
84,-1.95,-0.32,-1.90,-0.26,0.26,0.12,-1.69,-1.64,-1.63
85,-1.95,-0.28,-1.87,-0.20,0.20,0.08,-1.75,-1.67,-1.67
86,-1.89,-0.18,-1.85,-0.14,0.14,0.05,-1.75,-1.71,-1.70
87,-1.75,-0.01,-1.83,-0.08,0.08,0.01,-1.67,-1.75,-1.74
88,-1.75,0.03,-1.81,-0.02,0.02,-0.02,-1.73,-1.79,-1.78
89,-1.75,0.06,-1.79,0.03,-0.03,-0.06,-1.78,-1.82,-1.81
90,-1.75,0.10,-1.77,0.09,-0.09,-0.09,-1.83,-1.86,-1.85
91,-1.75,0.14,-1.75,0.14,-0.14,-0.13,-1.88,-1.89,-1.88
92,-1.75,0.17,-1.74,0.18,-0.18,-0.16,-1.93,-1.92,-1.92
93,-1.75,0.21,-1.73,0.22,-0.22,-0.19,-1.97,-1.95,-1.96
94,-1.75,0.24,-1.73,0.26,-0.26,-0.23,-2.00,-1.99,-1.99
95,-1.75,0.28,-1.73,0.29,-0.29,-0.26,-2.04,-2.02,-2.03
96,-1.75,0.31,-1.75,0.32,-0.32,-0.29,-2.07,-2.06,-2.06
97,-1.76,0.34,-1.76,0.34,-0.34,-0.32,-2.10,-2.10,-2.09
98,-1.76,0.37,-1.77,0.37,-0.37,-0.36,-2.12,-2.14,-2.13
99,-1.78,0.38,-1.78,0.39,-0.39,-0.39,-2.17,-2.17,-2.16
100,-1.79,0.41,-1.80,0.41,-0.41,-0.42,-2.20,-2.20,-2.20
101,-1.81,0.42,-1.81,0.43,-0.43,-0.45,-2.24,-2.24,-2.23
102,-1.83,0.43,-1.83,0.44,-0.44,-0.48,-2.27,-2.28,-2.26
104,-1.85,0.48,-1.85,0.46,-0.46,-0.54,-2.31,-2.31,-2.33
105,-1.87,0.49,-1.87,0.47,-0.47,-0.57,-2.34,-2.35,-2.36
106,-1.90,0.49,-1.90,0.49,-0.49,-0.60,-2.39,-2.38,-2.39
107,-1.92,0.50,-1.92,0.50,-0.50,-0.62,-2.42,-2.42,-2.42
108,-1.95,0.50,-1.94,0.51,-0.51,-0.65,-2.46,-2.45,-2.45
109,-1.97,0.52,-1.96,0.53,-0.53,-0.68,-2.49,-2.49,-2.48
110,-1.99,0.53,-1.98,0.54,-0.54,-0.70,-2.53,-2.52,-2.51
111,-2.00,0.54,-1.99,0.56,-0.56,-0.73,-2.55,-2.55,-2.54
112,-2.01,0.56,-2.01,0.57,-0.57,-0.75,-2.58,-2.58,-2.57
113,-2.02,0.58,-2.02,0.59,-0.59,-0.78,-2.61,-2.61,-2.60
114,-2.03,0.59,-2.02,0.61,-0.61,-0.80,-2.64,-2.63,-2.62
115,-2.03,0.62,-2.02,0.64,-0.64,-0.82,-2.66,-2.66,-2.65
117,-2.03,0.67,-2.03,0.66,-0.66,-0.86,-2.69,-2.69,-2.70
118,-2.03,0.69,-2.02,0.69,-0.69,-0.88,-2.72,-2.71,-2.72
119,-2.02,0.72,-2.02,0.71,-0.71,-0.90,-2.73,-2.73,-2.74
120,-2.01,0.75,-2.01,0.74,-0.74,-0.92,-2.75,-2.76,-2.75
121,-2.01,0.76,-2.01,0.77,-0.77,-0.93,-2.78,-2.78,-2.77
123,-2.00,0.81,-2.00,0.80,-0.80,-0.96,-2.80,-2.80,-2.81
124,-1.99,0.84,-1.99,0.83,-0.83,-0.98,-2.81,-2.82,-2.82
125,-1.98,0.86,-1.98,0.85,-0.85,-0.99,-2.83,-2.84,-2.84
126,-1.98,0.87,-1.98,0.88,-0.88,-1.00,-2.86,-2.86,-2.85
128,-1.97,0.92,-1.97,0.91,-0.91,-1.02,-2.87,-2.88,-2.88
129,-1.96,0.94,-1.96,0.93,-0.93,-1.03,-2.89,-2.89,-2.90
130,-1.96,0.95,-1.96,0.96,-0.96,-1.04,-2.91,-2.91,-2.91
131,-1.95,0.97,-1.95,0.98,-0.98,-1.05,-2.93,-2.93,-2.92
133,-1.95,1.01,-1.95,1.00,-1.00,-1.06,-2.95,-2.95,-2.95
134,-1.94,1.03,-1.94,1.03,-1.03,-1.07,-2.97,-2.97,-2.97
135,-1.94,1.04,-1.94,1.05,-1.05,-1.07,-2.99,-2.99,-2.98
137,-1.94,1.07,-1.93,1.08,-1.08,-1.08,-3.01,-3.01,-3.01
138,-1.93,1.10,-1.93,1.10,-1.10,-1.09,-3.03,-3.03,-3.03
140,-1.93,1.13,-1.93,1.12,-1.12,-1.10,-3.05,-3.05,-3.06
141,-1.93,1.14,-1.93,1.14,-1.14,-1.10,-3.07,-3.07,-3.07
142,-1.93,1.16,-1.93,1.16,-1.16,-1.10,-3.09,-3.09,-3.09
144,-1.93,1.19,-1.93,1.19,-1.19,-1.11,-3.11,-3.11,-3.12
145,-1.93,1.20,-1.93,1.21,-1.21,-1.12,-3.13,-3.13,-3.13
147,-1.93,1.23,-1.93,1.23,-1.23,-1.12,-3.15,-3.15,-3.16
148,-1.93,1.24,-1.93,1.24,-1.24,-1.13,-3.17,-3.17,-3.17
150,-1.93,1.27,-1.93,1.26,-1.26,-1.13,-3.19,-3.19,-3.20
151,-1.93,1.28,-1.93,1.28,-1.28,-1.14,-3.21,-3.21,-3.21
153,-1.93,1.31,-1.93,1.30,-1.30,-1.14,-3.22,-3.22,-3.23
154,-1.93,1.32,-1.93,1.31,-1.31,-1.15,-3.24,-3.24,-3.24
156,-1.93,1.34,-1.94,1.33,-1.33,-1.16,-3.26,-3.27,-3.27
157,-1.93,1.35,-1.94,1.35,-1.35,-1.16,-3.28,-3.29,-3.28
159,-1.93,1.37,-1.94,1.37,-1.37,-1.17,-3.30,-3.31,-3.30
160,-1.93,1.38,-1.94,1.39,-1.39,-1.18,-3.32,-3.33,-3.31
162,-1.93,1.40,-1.93,1.41,-1.41,-1.19,-3.34,-3.35,-3.33
164,-1.93,1.42,-1.92,1.44,-1.44,-1.21,-3.37,-3.36,-3.35
165,-1.94,1.43,-1.91,1.47,-1.47,-1.21,-3.41,-3.38,-3.36
167,-1.94,1.45,-1.90,1.50,-1.50,-1.23,-3.44,-3.40,-3.39
169,-1.95,1.46,-1.88,1.53,-1.53,-1.24,-3.48,-3.42,-3.41
170,-1.94,1.48,-1.87,1.57,-1.57,-1.25,-3.50,-3.43,-3.42
172,-1.77,1.67,-1.85,1.60,-1.60,-1.27,-3.37,-3.45,-3.44
174,-1.77,1.69,-1.84,1.63,-1.63,-1.29,-3.40,-3.47,-3.46
175,-1.78,1.69,-1.83,1.66,-1.66,-1.30,-3.44,-3.48,-3.47
177,-1.78,1.71,-1.81,1.69,-1.69,-1.32,-3.46,-3.49,-3.48
179,-1.78,1.72,-1.79,1.71,-1.71,-1.34,-3.49,-3.50,-3.50
181,-1.78,1.73,-1.77,1.73,-1.73,-1.37,-3.51,-3.51,-3.51
183,-1.77,1.74,-1.76,1.76,-1.76,-1.39,-3.53,-3.51,-3.51
184,-1.76,1.75,-1.73,1.78,-1.78,-1.40,-3.54,-3.51,-3.51
186,-1.75,1.76,-1.71,1.80,-1.80,-1.43,-3.55,-3.51,-3.51
188,-1.74,1.76,-1.69,1.83,-1.83,-1.46,-3.56,-3.52,-3.50
190,-1.72,1.78,-1.67,1.85,-1.85,-1.48,-3.57,-3.52,-3.50
192,-1.63,1.86,-1.64,1.87,-1.87,-1.51,-3.50,-3.51,-3.49
194,-1.59,1.90,-1.61,1.90,-1.90,-1.54,-3.48,-3.50,-3.49
196,-1.58,1.90,-1.57,1.92,-1.92,-1.57,-3.50,-3.49,-3.48
198,-1.56,1.92,-1.54,1.95,-1.95,-1.60,-3.50,-3.49,-3.48
200,-1.46,2.02,-1.52,1.97,-1.97,-1.63,-3.43,-3.49,-3.48
202,-1.45,2.03,-1.49,1.99,-1.99,-1.66,-3.44,-3.49,-3.48
204,-1.45,2.03,-1.47,2.01,-2.01,-1.69,-3.46,-3.49,-3.48
206,-1.45,2.04,-1.46,2.03,-2.03,-1.72,-3.48,-3.49,-3.48
208,-1.45,2.04,-1.45,2.05,-2.05,-1.75,-3.50,-3.49,-3.49
210,-1.45,2.05,-1.44,2.06,-2.06,-1.78,-3.51,-3.50,-3.50
212,-1.45,2.06,-1.45,2.07,-2.07,-1.81,-3.52,-3.52,-3.51
214,-1.46,2.06,-1.45,2.08,-2.08,-1.83,-3.54,-3.53,-3.52
216,-1.46,2.07,-1.44,2.08,-2.08,-1.86,-3.54,-3.53,-3.53
218,-1.46,2.08,-1.45,2.09,-2.09,-1.89,-3.55,-3.54,-3.54
221,-1.47,2.08,-1.46,2.09,-2.09,-1.93,-3.56,-3.55,-3.55
223,-1.47,2.09,-1.46,2.09,-2.09,-1.95,-3.56,-3.56,-3.56
225,-1.47,2.09,-1.47,2.09,-2.09,-1.98,-3.56,-3.56,-3.56
227,-1.47,2.09,-1.47,2.09,-2.09,-2.00,-3.56,-3.56,-3.56
229,-1.47,2.09,-1.48,2.09,-2.09,-2.02,-3.56,-3.57,-3.56
232,-1.46,2.10,-1.48,2.09,-2.09,-2.05,-3.55,-3.56,-3.56
234,-1.45,2.11,-1.47,2.09,-2.09,-2.06,-3.53,-3.56,-3.55
236,-1.44,2.11,-1.47,2.08,-2.08,-2.08,-3.52,-3.55,-3.55
239,-1.54,2.00,-1.46,2.08,-2.08,-2.10,-3.62,-3.54,-3.54
241,-1.52,2.01,-1.46,2.07,-2.07,-2.11,-3.59,-3.53,-3.52
244,-1.48,2.03,-1.45,2.07,-2.07,-2.12,-3.55,-3.52,-3.51
246,-1.46,2.04,-1.45,2.06,-2.06,-2.13,-3.52,-3.51,-3.50
248,-1.44,2.04,-1.44,2.05,-2.05,-2.13,-3.48,-3.49,-3.48
251,-1.42,2.05,-1.45,2.03,-2.03,-2.14,-3.45,-3.48,-3.47
253,-1.40,2.06,-1.46,2.01,-2.01,-2.14,-3.41,-3.47,-3.46
256,-1.44,2.01,-1.47,1.98,-1.98,-2.13,-3.42,-3.46,-3.45
259,-1.52,1.93,-1.51,1.95,-1.95,-2.13,-3.47,-3.46,-3.44
261,-1.51,1.93,-1.54,1.92,-1.92,-2.12,-3.42,-3.46,-3.44
264,-1.52,1.92,-1.57,1.87,-1.87,-2.11,-3.39,-3.44,-3.44
266,-1.57,1.87,-1.60,1.83,-1.83,-2.10,-3.40,-3.43,-3.44
269,-1.64,1.80,-1.65,1.78,-1.78,-2.09,-3.42,-3.43,-3.44
272,-1.71,1.73,-1.70,1.73,-1.73,-2.07,-3.44,-3.44,-3.44
274,-1.82,1.62,-1.75,1.69,-1.69,-2.05,-3.51,-3.44,-3.44
277,-1.81,1.64,-1.81,1.65,-1.65,-2.03,-3.46,-3.46,-3.44
280,-1.93,1.52,-1.86,1.62,-1.62,-2.01,-3.54,-3.47,-3.44
283,-1.92,1.52,-1.88,1.59,-1.59,-1.99,-3.51,-3.48,-3.44
286,-1.79,1.65,-1.89,1.58,-1.58,-1.96,-3.37,-3.47,-3.44
288,-1.78,1.65,-1.88,1.59,-1.59,-1.94,-3.36,-3.46,-3.43
291,-1.96,1.47,-1.86,1.60,-1.60,-1.92,-3.56,-3.46,-3.42
294,-1.98,1.44,-1.82,1.63,-1.63,-1.89,-3.61,-3.45,-3.42
297,-1.92,1.49,-1.78,1.66,-1.66,-1.87,-3.58,-3.44,-3.41
300,-1.83,1.57,-1.72,1.70,-1.70,-1.84,-3.52,-3.42,-3.40
303,-1.76,1.63,-1.67,1.74,-1.74,-1.81,-3.49,-3.41,-3.39
306,-1.53,1.85,-1.63,1.77,-1.77,-1.79,-3.30,-3.41,-3.38
309,-1.39,1.98,-1.59,1.81,-1.81,-1.76,-3.20,-3.40,-3.37
312,-1.38,1.98,-1.56,1.83,-1.83,-1.74,-3.21,-3.39,-3.36
316,-1.45,1.91,-1.54,1.85,-1.85,-1.71,-3.30,-3.40,-3.36
319,-1.53,1.83,-1.52,1.86,-1.86,-1.69,-3.39,-3.38,-3.35
322,-1.51,1.84,-1.50,1.86,-1.86,-1.67,-3.37,-3.36,-3.35
325,-1.53,1.82,-1.50,1.85,-1.85,-1.64,-3.38,-3.36,-3.35
328,-1.57,1.78,-1.52,1.83,-1.83,-1.63,-3.40,-3.36,-3.35
332,-1.67,1.68,-1.56,1.80,-1.80,-1.60,-3.47,-3.36,-3.35
335,-1.64,1.72,-1.60,1.77,-1.77,-1.58,-3.40,-3.37,-3.35
338,-1.61,1.75,-1.66,1.72,-1.72,-1.57,-3.33,-3.38,-3.35
342,-1.73,1.63,-1.71,1.67,-1.67,-1.55,-3.40,-3.38,-3.36
345,-1.77,1.59,-1.75,1.62,-1.62,-1.53,-3.39,-3.37,-3.35
349,-1.73,1.63,-1.79,1.57,-1.57,-1.52,-3.30,-3.36,-3.35
352,-1.78,1.57,-1.84,1.52,-1.52,-1.50,-3.29,-3.36,-3.35
356,-1.89,1.46,-1.89,1.46,-1.46,-1.49,-3.35,-3.35,-3.35
359,-1.95,1.39,-1.94,1.40,-1.40,-1.48,-3.35,-3.34,-3.34
363,-2.02,1.32,-1.99,1.35,-1.35,-1.47,-3.36,-3.33,-3.34
366,-2.04,1.29,-2.04,1.29,-1.29,-1.46,-3.32,-3.32,-3.33
370,-2.13,1.19,-2.09,1.23,-1.23,-1.45,-3.36,-3.32,-3.32
374,-2.17,1.15,-2.15,1.17,-1.17,-1.44,-3.34,-3.32,-3.31
377,-2.18,1.13,-2.20,1.11,-1.11,-1.44,-3.29,-3.31,-3.31
381,-2.27,1.03,-2.25,1.06,-1.06,-1.43,-3.33,-3.31,-3.30
385,-2.29,1.01,-2.30,1.01,-1.01,-1.43,-3.30,-3.32,-3.29
389,-2.28,1.01,-2.34,0.97,-0.97,-1.43,-3.25,-3.32,-3.29
393,-2.33,0.96,-2.37,0.94,-0.94,-1.43,-3.27,-3.31,-3.29
397,-2.38,0.91,-2.40,0.92,-0.92,-1.43,-3.30,-3.32,-3.29
401,-2.46,0.83,-2.41,0.90,-0.90,-1.43,-3.36,-3.32,-3.29
405,-2.48,0.81,-2.42,0.90,-0.90,-1.43,-3.38,-3.32,-3.29
409,-2.48,0.81,-2.41,0.91,-0.91,-1.43,-3.38,-3.31,-3.29
413,-2.43,0.86,-2.39,0.92,-0.92,-1.43,-3.35,-3.31,-3.29
417,-2.39,0.90,-2.36,0.94,-0.94,-1.44,-3.32,-3.30,-3.29
421,-2.35,0.93,-2.32,0.96,-0.96,-1.44,-3.31,-3.28,-3.28
425,-2.31,0.96,-2.29,0.98,-0.98,-1.44,-3.29,-3.27,-3.27
430,-2.20,1.05,-2.25,1.01,-1.01,-1.45,-3.21,-3.26,-3.25
434,-2.16,1.07,-2.19,1.04,-1.04,-1.45,-3.20,-3.23,-3.23
438,-2.04,1.16,-2.14,1.07,-1.07,-1.46,-3.10,-3.20,-3.20
443,-2.00,1.16,-2.07,1.09,-1.09,-1.46,-3.09,-3.16,-3.16
447,-1.95,1.17,-2.00,1.12,-1.12,-1.47,-3.06,-3.11,-3.12
451,-1.96,1.11,-1.93,1.14,-1.14,-1.48,-3.10,-3.07,-3.07
456,-1.94,1.07,-1.85,1.16,-1.16,-1.48,-3.10,-3.02,-3.01
460,-1.88,1.08,-1.78,1.18,-1.18,-1.49,-3.06,-2.97,-2.95
465,-1.81,1.09,-1.70,1.21,-1.21,-1.49,-3.02,-2.91,-2.90
470,-1.62,1.22,-1.62,1.23,-1.23,-1.50,-2.85,-2.86,-2.84
474,-1.50,1.28,-1.54,1.26,-1.26,-1.50,-2.76,-2.80,-2.78
479,-1.45,1.28,-1.46,1.29,-1.29,-1.51,-2.74,-2.75,-2.72
484,-1.31,1.37,-1.38,1.32,-1.32,-1.51,-2.63,-2.70,-2.67
489,-1.27,1.36,-1.29,1.36,-1.36,-1.51,-2.63,-2.65,-2.63
494,-1.23,1.36,-1.20,1.40,-1.40,-1.52,-2.63,-2.60,-2.59
499,-1.12,1.44,-1.12,1.44,-1.44,-1.52,-2.55,-2.56,-2.55
504,-1.08,1.45,-1.05,1.47,-1.47,-1.52,-2.55,-2.52,-2.53
509,-0.99,1.52,-1.00,1.50,-1.50,-1.52,-2.49,-2.50,-2.51
514,-0.96,1.54,-0.97,1.53,-1.53,-1.52,-2.49,-2.50,-2.50
519,-0.94,1.56,-0.95,1.55,-1.55,-1.52,-2.49,-2.51,-2.50
524,-0.90,1.60,-0.95,1.58,-1.58,-1.52,-2.48,-2.52,-2.50
529,-0.87,1.65,-0.95,1.60,-1.60,-1.52,-2.47,-2.55,-2.52
535,-0.89,1.65,-0.96,1.62,-1.62,-1.52,-2.51,-2.57,-2.54
540,-0.92,1.65,-0.96,1.64,-1.64,-1.52,-2.56,-2.60,-2.57
545,-0.96,1.64,-0.96,1.66,-1.66,-1.52,-2.62,-2.63,-2.60
551,-1.01,1.63,-0.97,1.69,-1.69,-1.52,-2.70,-2.66,-2.63
556,-1.06,1.61,-0.96,1.72,-1.72,-1.52,-2.78,-2.69,-2.67
562,-1.06,1.64,-0.96,1.76,-1.76,-1.52,-2.82,-2.72,-2.70
568,-1.06,1.67,-0.94,1.80,-1.80,-1.51,-2.86,-2.74,-2.73
573,-1.00,1.75,-0.92,1.84,-1.84,-1.51,-2.84,-2.76,-2.75
579,-0.89,1.88,-0.89,1.88,-1.88,-1.51,-2.77,-2.78,-2.77
585,-0.78,2.01,-0.86,1.93,-1.93,-1.51,-2.71,-2.79,-2.78
591,-0.75,2.04,-0.83,1.98,-1.98,-1.51,-2.72,-2.80,-2.79
596,-0.73,2.06,-0.78,2.02,-2.02,-1.51,-2.75,-2.80,-2.79
602,-0.64,2.14,-0.73,2.06,-2.06,-1.51,-2.70,-2.79,-2.78
608,-0.60,2.16,-0.66,2.10,-2.10,-1.51,-2.70,-2.77,-2.76
615,-0.67,2.07,-0.60,2.14,-2.14,-1.52,-2.81,-2.74,-2.74
621,-0.56,2.15,-0.53,2.18,-2.18,-1.52,-2.74,-2.71,-2.71
627,-0.53,2.15,-0.47,2.21,-2.21,-1.53,-2.74,-2.68,-2.67
633,-0.50,2.14,-0.40,2.24,-2.24,-1.53,-2.74,-2.64,-2.63
639,-0.46,2.13,-0.34,2.27,-2.27,-1.54,-2.73,-2.61,-2.59
646,-0.27,2.28,-0.27,2.30,-2.30,-1.55,-2.56,-2.56,-2.54
652,-0.15,2.35,-0.19,2.32,-2.32,-1.55,-2.47,-2.51,-2.49
659,-0.04,2.40,-0.12,2.34,-2.34,-1.56,-2.38,-2.46,-2.44
665,0.01,2.40,-0.04,2.36,-2.36,-1.57,-2.35,-2.41,-2.39
672,0.06,2.40,0.03,2.38,-2.38,-1.59,-2.32,-2.35,-2.34
679,0.10,2.39,0.10,2.39,-2.39,-1.60,-2.29,-2.29,-2.29
686,0.14,2.39,0.15,2.40,-2.40,-1.62,-2.25,-2.25,-2.25
692,0.18,2.39,0.18,2.40,-2.40,-1.63,-2.22,-2.22,-2.21
699,0.21,2.39,0.20,2.39,-2.39,-1.65,-2.18,-2.19,-2.18
706,0.23,2.39,0.21,2.39,-2.39,-1.67,-2.15,-2.18,-2.16
713,0.23,2.37,0.20,2.37,-2.37,-1.69,-2.14,-2.17,-2.14
721,0.23,2.36,0.19,2.36,-2.36,-1.71,-2.12,-2.16,-2.13
728,0.22,2.35,0.19,2.34,-2.34,-1.73,-2.12,-2.15,-2.13
735,0.20,2.33,0.18,2.32,-2.32,-1.76,-2.11,-2.14,-2.13
742,0.05,2.18,0.16,2.29,-2.29,-1.78,-2.24,-2.13,-2.13
750,0.03,2.16,0.13,2.26,-2.26,-1.81,-2.23,-2.13,-2.13
757,0.02,2.15,0.10,2.23,-2.23,-1.84,-2.21,-2.13,-2.13
765,0.08,2.21,0.07,2.20,-2.20,-1.87,-2.12,-2.13,-2.13
773,0.06,2.18,0.04,2.16,-2.16,-1.90,-2.10,-2.12,-2.12
780,0.09,2.20,0.01,2.11,-2.11,-1.92,-2.02,-2.10,-2.11
788,0.05,2.15,-0.02,2.06,-2.06,-1.96,-2.00,-2.08,-2.10
796,-0.06,2.03,-0.07,1.99,-1.99,-1.99,-2.05,-2.06,-2.09
804,-0.18,1.89,-0.12,1.92,-1.92,-2.02,-2.10,-2.04,-2.07
812,-0.24,1.82,-0.19,1.84,-1.84,-2.06,-2.08,-2.03,-2.05
820,-0.22,1.82,-0.26,1.76,-1.76,-2.09,-1.98,-2.02,-2.04
828,-0.27,1.75,-0.35,1.68,-1.68,-2.12,-1.95,-2.03,-2.02
837,-0.32,1.69,-0.44,1.60,-1.60,-2.16,-1.92,-2.04,-2.01
845,-0.40,1.59,-0.51,1.53,-1.53,-2.19,-1.93,-2.05,-1.99
853,-0.51,1.47,-0.57,1.47,-1.47,-2.22,-1.98,-2.04,-1.98
862,-0.70,1.27,-0.62,1.42,-1.42,-2.26,-2.12,-2.04,-1.97
871,-0.83,1.14,-0.64,1.39,-1.39,-2.29,-2.22,-2.03,-1.97
879,-0.84,1.12,-0.64,1.38,-1.38,-2.32,-2.22,-2.02,-1.96
888,-0.79,1.17,-0.62,1.38,-1.38,-2.35,-2.17,-2.01,-1.96
897,-0.73,1.22,-0.60,1.41,-1.41,-2.38,-2.13,-2.00,-1.95
906,-0.58,1.37,-0.56,1.44,-1.44,-2.41,-2.02,-2.00,-1.95
915,-0.41,1.53,-0.50,1.49,-1.49,-2.43,-1.90,-1.99,-1.94
924,-0.29,1.65,-0.42,1.54,-1.54,-2.45,-1.83,-1.96,-1.93
933,-0.29,1.64,-0.34,1.59,-1.59,-2.47,-1.88,-1.93,-1.93
943,-0.21,1.71,-0.26,1.64,-1.64,-2.49,-1.85,-1.90,-1.92
952,-0.17,1.74,-0.19,1.68,-1.68,-2.51,-1.85,-1.86,-1.91
962,-0.09,1.81,-0.14,1.71,-1.71,-2.52,-1.80,-1.85,-1.90
971,-0.08,1.81,-0.12,1.72,-1.72,-2.53,-1.80,-1.84,-1.89
981,-0.07,1.81,-0.12,1.73,-1.73,-2.53,-1.80,-1.85,-1.87
991,-0.02,1.84,-0.12,1.73,-1.73,-2.53,-1.75,-1.85,-1.86
1001,0.00,1.84,-0.14,1.72,-1.72,-2.53,-1.71,-1.86,-1.84
1011,-0.13,1.69,-0.15,1.70,-1.70,-2.53,-1.83,-1.85,-1.82
1021,-0.26,1.54,-0.16,1.68,-1.68,-2.52,-1.94,-1.84,-1.80
1031,-0.26,1.51,-0.15,1.67,-1.67,-2.50,-1.92,-1.82,-1.77
1041,-0.22,1.53,-0.13,1.66,-1.66,-2.49,-1.88,-1.79,-1.75
1052,-0.29,1.43,-0.10,1.67,-1.67,-2.47,-1.95,-1.76,-1.72
1062,-0.16,1.53,-0.05,1.68,-1.68,-2.45,-1.84,-1.73,-1.69
1073,-0.02,1.64,0.01,1.71,-1.71,-2.42,-1.72,-1.70,-1.66
1084,0.13,1.77,0.08,1.74,-1.74,-2.40,-1.61,-1.67,-1.63
1094,0.18,1.79,0.16,1.79,-1.79,-2.37,-1.61,-1.63,-1.60
1105,0.28,1.85,0.25,1.84,-1.84,-2.34,-1.56,-1.60,-1.57
1116,0.43,1.97,0.36,1.90,-1.90,-2.30,-1.47,-1.55,-1.54
1128,0.56,2.06,0.47,1.96,-1.96,-2.26,-1.40,-1.49,-1.50
1139,0.60,2.07,0.57,2.02,-2.02,-2.23,-1.41,-1.45,-1.47
1150,0.62,2.05,0.66,2.07,-2.07,-2.19,-1.45,-1.41,-1.43
1162,0.71,2.11,0.74,2.12,-2.12,-2.15,-1.41,-1.38,-1.40
1173,0.80,2.16,0.81,2.16,-2.16,-2.11,-1.36,-1.36,-1.36
1185,0.86,2.19,0.88,2.20,-2.20,-2.07,-1.34,-1.32,-1.32
1197,0.89,2.18,0.96,2.23,-2.23,-2.03,-1.34,-1.27,-1.29
1209,1.02,2.27,1.02,2.25,-2.25,-1.99,-1.23,-1.24,-1.25
1221,1.15,2.37,1.06,2.26,-2.26,-1.95,-1.11,-1.20,-1.21
1233,1.12,2.30,1.09,2.27,-2.27,-1.91,-1.15,-1.18,-1.18
1246,1.08,2.23,1.13,2.27,-2.27,-1.86,-1.19,-1.15,-1.15
1258,1.11,2.24,1.15,2.28,-2.28,-1.82,-1.16,-1.12,-1.13
1271,1.20,2.31,1.16,2.28,-2.28,-1.78,-1.08,-1.12,-1.11
1283,1.33,2.43,1.17,2.29,-2.29,-1.74,-0.96,-1.12,-1.10
1296,1.36,2.45,1.16,2.30,-2.30,-1.71,-0.94,-1.14,-1.09
1309,1.12,2.21,1.15,2.32,-2.32,-1.67,-1.20,-1.16,-1.09
1322,1.03,2.13,1.16,2.35,-2.35,-1.63,-1.31,-1.19,-1.10
1335,1.15,2.26,1.19,2.39,-2.39,-1.60,-1.24,-1.20,-1.11
1349,1.16,2.29,1.25,2.45,-2.45,-1.56,-1.29,-1.20,-1.13
1362,1.27,2.42,1.32,2.52,-2.52,-1.53,-1.25,-1.20,-1.14
1376,1.20,2.37,1.39,2.60,-2.60,-1.50,-1.40,-1.21,-1.17
1390,1.29,2.48,1.46,2.69,-2.69,-1.46,-1.40,-1.24,-1.19
1404,1.45,2.66,1.54,2.80,-2.80,-1.43,-1.34,-1.25,-1.21
1418,1.61,2.84,1.64,2.90,-2.90,-1.41,-1.29,-1.26,-1.22
1432,1.86,3.10,1.75,3.01,-3.01,-1.38,-1.15,-1.25,-1.24
1446,2.12,3.37,1.88,3.11,-3.11,-1.35,-0.99,-1.23,-1.25
1461,2.26,3.51,1.98,3.21,-3.21,-1.33,-0.94,-1.23,-1.25
1475,2.11,3.36,2.06,3.29,-3.29,-1.30,-1.17,-1.23,-1.25
1490,1.94,3.19,2.13,3.35,-3.35,-1.28,-1.41,-1.22,-1.24
1505,2.04,3.28,2.18,3.41,-3.41,-1.26,-1.36,-1.22,-1.24
1520,2.25,3.48,2.23,3.44,-3.44,-1.24,-1.19,-1.21,-1.23
1535,2.35,3.57,2.25,3.46,-3.46,-1.22,-1.11,-1.21,-1.22
1550,2.25,3.45,2.26,3.45,-3.45,-1.20,-1.20,-1.19,-1.20
1566,2.22,3.40,2.25,3.42,-3.42,-1.18,-1.20,-1.18,-1.18
1582,2.19,3.35,2.20,3.37,-3.37,-1.16,-1.18,-1.16,-1.16
1597,2.05,3.19,2.15,3.29,-3.29,-1.15,-1.24,-1.15,-1.14
1613,2.10,3.21,2.09,3.20,-3.20,-1.13,-1.10,-1.11,-1.10
1629,2.09,3.16,2.03,3.08,-3.08,-1.11,-0.99,-1.05,-1.07
1646,1.94,2.97,1.94,2.94,-2.94,-1.10,-1.00,-1.01,-1.03
1662,2.03,3.02,1.81,2.78,-2.78,-1.08,-0.75,-0.97,-0.99
1679,1.74,2.68,1.69,2.60,-2.60,-1.07,-0.86,-0.91,-0.94
1696,1.62,2.50,1.55,2.41,-2.41,-1.05,-0.78,-0.86,-0.88
1713,1.30,2.12,1.42,2.20,-2.20,-1.04,-0.89,-0.78,-0.82
1730,1.12,1.86,1.27,1.98,-1.98,-1.03,-0.86,-0.71,-0.74
1747,1.05,1.71,1.12,1.76,-1.76,-1.01,-0.70,-0.64,-0.66
1764,0.98,1.55,0.97,1.53,-1.53,-1.00,-0.55,-0.56,-0.57
1782,0.80,1.27,0.80,1.30,-1.30,-0.98,-0.50,-0.50,-0.47
1800,0.64,1.01,0.64,1.07,-1.07,-0.96,-0.43,-0.43,-0.37
1818,0.58,0.85,0.51,0.85,-0.85,-0.95,-0.27,-0.35,-0.26
1836,0.49,0.65,0.39,0.64,-0.64,-0.93,-0.15,-0.26,-0.16
1854,0.13,0.18,0.30,0.45,-0.45,-0.91,-0.31,-0.15,-0.05
1873,0.22,0.16,0.21,0.26,-0.26,-0.89,-0.04,-0.05,0.06
1892,0.06,-0.12,0.13,0.09,-0.09,-0.87,-0.03,0.04,0.18
1911,0.06,-0.23,0.05,-0.06,0.06,-0.84,0.13,0.11,0.29
1930,-0.07,-0.47,-0.03,-0.21,0.21,-0.82,0.14,0.17,0.41
1949,-0.14,-0.66,-0.09,-0.33,0.33,-0.79,0.20,0.25,0.52
1969,-0.01,-0.64,-0.10,-0.45,0.45,-0.77,0.44,0.35,0.63
1988,0.05,-0.68,-0.10,-0.55,0.55,-0.74,0.60,0.46,0.73
2008,-0.05,-0.89,-0.08,-0.65,0.65,-0.71,0.60,0.57,0.84
2028,-0.13,-1.07,-0.05,-0.73,0.73,-0.67,0.61,0.68,0.94
2048,-0.14,-1.18,-0.00,-0.81,0.81,-0.64,0.67,0.81,1.04
2069,-0.13,-1.28,0.05,-0.88,0.88,-0.60,0.75,0.92,1.15
2090,0.00,-1.26,0.12,-0.94,0.94,-0.56,0.94,1.06,1.26
2111,0.23,-1.14,0.21,-0.99,0.99,-0.52,1.22,1.20,1.37
2132,0.53,-0.96,0.29,-1.04,1.04,-0.47,1.57,1.34,1.49
2153,0.62,-1.00,0.38,-1.09,1.09,-0.43,1.71,1.48,1.62
2175,0.51,-1.24,0.48,-1.14,1.14,-0.38,1.65,1.62,1.75
2196,0.54,-1.35,0.60,-1.18,1.18,-0.34,1.72,1.78,1.89
2218,0.70,-1.34,0.75,-1.21,1.21,-0.29,1.92,1.96,2.05
2240,0.92,-1.29,0.91,-1.24,1.24,-0.24,2.16,2.15,2.21
2263,1.07,-1.31,1.08,-1.25,1.25,-0.18,2.32,2.33,2.38
2285,1.21,-1.35,1.25,-1.26,1.26,-0.13,2.47,2.51,2.57
2308,1.37,-1.39,1.45,-1.25,1.25,-0.07,2.62,2.70,2.76
2331,1.44,-1.52,1.67,-1.23,1.23,-0.02,2.67,2.90,2.96
2355,1.83,-1.33,1.91,-1.19,1.19,0.05,3.02,3.11,3.16
2378,2.16,-1.20,2.18,-1.15,1.15,0.10,3.31,3.33,3.37
2402,2.49,-1.08,2.46,-1.10,1.10,0.16,3.59,3.56,3.57
2426,2.76,-1.01,2.72,-1.04,1.04,0.23,3.80,3.77,3.77
2450,3.00,-0.97,2.98,-0.99,0.99,0.29,3.99,3.96,3.98
2475,3.23,-0.94,3.22,-0.93,0.93,0.35,4.16,4.15,4.17
2500,3.61,-0.75,3.46,-0.88,0.88,0.42,4.50,4.35,4.36
2525,3.94,-0.61,3.70,-0.85,0.85,0.49,4.79,4.55,4.55
2550,4.02,-0.71,3.93,-0.83,0.83,0.55,4.85,4.76,4.73
2575,4.02,-0.88,4.13,-0.84,0.84,0.62,4.87,4.97,4.90
2601,4.17,-0.90,4.28,-0.87,0.87,0.69,5.05,5.15,5.07
2627,4.29,-0.94,4.40,-0.92,0.92,0.76,5.21,5.32,5.24
2653,4.43,-0.97,4.50,-0.97,0.97,0.83,5.40,5.47,5.40
2680,4.64,-0.92,4.59,-1.03,1.03,0.91,5.67,5.61,5.56
2707,4.77,-0.96,4.66,-1.09,1.09,0.98,5.86,5.75,5.73
2734,4.92,-0.98,4.72,-1.14,1.14,1.06,6.07,5.86,5.90
2761,4.92,-1.15,4.75,-1.20,1.20,1.13,6.12,5.95,6.07
2789,4.85,-1.40,4.78,-1.25,1.25,1.21,6.10,6.03,6.25
2817,4.78,-1.64,4.83,-1.29,1.29,1.29,6.08,6.12,6.42
2845,4.72,-1.87,4.89,-1.33,1.33,1.37,6.05,6.21,6.59
2873,4.81,-1.95,4.97,-1.35,1.35,1.45,6.16,6.31,6.77
2902,5.02,-1.91,5.08,-1.36,1.36,1.53,6.39,6.44,6.93
2931,5.19,-1.90,5.22,-1.37,1.37,1.61,6.56,6.59,7.09
2960,5.24,-2.00,5.37,-1.37,1.37,1.70,6.61,6.74,7.24
2990,5.26,-2.12,5.52,-1.36,1.36,1.78,6.62,6.87,7.38
3020,5.46,-2.05,5.68,-1.33,1.33,1.87,6.80,7.02,7.51
3050,5.82,-1.82,5.88,-1.32,1.32,1.96,7.14,7.20,7.64
3080,6.22,-1.53,6.09,-1.31,1.31,2.05,7.54,7.41,7.76
3111,6.51,-1.35,6.31,-1.33,1.33,2.14,7.84,7.63,7.86
3142,6.84,-1.12,6.48,-1.36,1.36,2.23,8.20,7.84,7.96
3174,6.91,-1.15,6.66,-1.39,1.39,2.32,8.30,8.05,8.06
3206,6.78,-1.37,6.83,-1.42,1.42,2.41,8.21,8.26,8.15
3238,6.63,-1.61,6.93,-1.47,1.47,2.51,8.10,8.40,8.24
3270,6.68,-1.65,6.96,-1.52,1.52,2.60,8.21,8.48,8.33
3303,7.12,-1.29,6.94,-1.58,1.58,2.69,8.70,8.52,8.42
3336,7.26,-1.24,6.86,-1.64,1.64,2.78,8.90,8.50,8.50
3369,7.07,-1.50,6.81,-1.70,1.70,2.87,8.77,8.51,8.57
3403,6.99,-1.65,6.81,-1.76,1.76,2.96,8.75,8.57,8.64
3437,6.78,-1.90,6.85,-1.81,1.81,3.05,8.59,8.66,8.69
3471,6.94,-1.78,6.84,-1.85,1.85,3.14,8.79,8.69,8.72
3506,6.39,-2.34,6.83,-1.86,1.86,3.23,8.25,8.69,8.73
3541,5.81,-2.91,6.81,-1.81,1.81,3.31,7.62,8.63,8.72
3576,6.13,-2.54,6.83,-1.71,1.71,3.39,7.84,8.54,8.68
3612,6.84,-1.76,6.81,-1.57,1.57,3.46,8.41,8.38,8.60
3648,7.11,-1.38,6.74,-1.42,1.42,3.54,8.53,8.16,8.49
3685,7.62,-0.72,6.69,-1.29,1.29,3.60,8.91,7.98,8.34
3721,7.44,-0.72,6.69,-1.21,1.21,3.67,8.65,7.90,8.16
3759,6.44,-1.50,6.74,-1.18,1.18,3.72,7.63,7.92,7.94
3796,5.79,-1.90,6.69,-1.21,1.21,3.77,7.01,7.91,7.69
3834,6.12,-1.29,6.83,-1.30,1.30,3.82,7.42,8.12,7.41
3873,6.15,-0.95,6.49,-1.43,1.43,3.86,7.59,7.92,7.10
3911,6.08,-0.70,5.77,-1.62,1.62,3.89,7.70,7.39,6.78
3950,5.14,-1.30,4.77,-1.86,1.86,3.91,7.00,6.63,6.44
3990,4.65,-1.44,3.70,-2.13,2.13,3.93,6.78,5.83,6.09
4030,4.60,-1.14,2.72,-2.44,2.44,3.94,7.04,5.16,5.75
4070,4.02,-1.38,1.75,-2.77,2.77,3.94,6.79,4.52,5.40
4111,2.54,-2.53,0.90,-3.12,3.12,3.93,5.66,4.02,5.07
4152,0.04,-4.71,0.18,-3.49,3.49,3.92,3.53,3.67,4.75
4193,-1.13,-5.58,-0.50,-3.85,3.85,3.90,2.73,3.35,4.45
4235,-7.56,-11.73,-1.22,-4.17,4.17,3.87,-3.39,2.95,4.17
4278,-5.03,-8.94,-1.77,-4.35,4.35,3.83,-0.68,2.58,3.91
4321,-2.93,-6.61,-2.14,-4.41,4.41,3.80,1.48,2.27,3.68
4364,-1.16,-4.63,-2.23,-4.37,4.37,3.75,3.21,2.14,3.48
4407,-0.57,-3.86,-2.36,-4.28,4.28,3.70,3.71,1.92,3.29
4451,-1.22,-4.35,-2.38,-4.16,4.16,3.65,2.95,1.78,3.13
4496,-0.73,-3.72,-2.23,-4.05,4.05,3.59,3.32,1.82,2.99
4541,-0.86,-3.74,-1.83,-3.97,3.97,3.53,3.11,2.14,2.88
4586,-1.44,-4.22,-1.26,-3.91,3.91,3.47,2.47,2.65,2.78
4632,-1.72,-4.42,-0.72,-3.88,3.88,3.40,2.16,3.16,2.70
4679,-0.57,-3.20,-0.15,-3.88,3.88,3.33,3.31,3.72,2.64
4725,-0.66,-3.25,-0.38,-3.90,3.90,3.26,3.24,3.52,2.59
4773,-0.88,-3.43,-0.84,-3.94,3.94,3.19,3.07,3.11,2.55
4820,-2.81,-5.34,-1.30,-4.02,4.02,3.12,1.21,2.72,2.53
4868,-1.12,-3.63,-1.76,-4.13,4.13,3.05,3.01,2.37,2.51
4917,-0.47,-2.98,-2.17,-4.27,4.27,2.98,3.80,2.09,2.51
4966,-0.04,-2.55,-2.63,-4.44,4.44,2.91,4.40,1.81,2.51
5016,-1.19,-3.71,-3.01,-4.64,4.64,2.84,3.46,1.63,2.52
5066,-3.06,-5.59,-3.33,-4.88,4.88,2.77,1.82,1.54,2.53
5117,-4.82,-7.37,-3.69,-5.08,5.08,2.71,0.26,1.39,2.55
5168,-7.92,-10.49,-4.07,-5.22,5.22,2.64,-2.69,1.15,2.58
5220,-6.88,-9.48,-4.35,-5.29,5.29,2.58,-1.58,0.94,2.60
5272,-4.79,-7.41,-4.55,-5.33,5.33,2.52,0.54,0.78,2.63
5325,-4.59,-7.24,-4.67,-5.36,5.36,2.46,0.77,0.69,2.65
5378,-3.80,-6.47,-4.87,-5.39,5.39,2.40,1.59,0.51,2.67
5432,-3.67,-6.36,-4.87,-5.41,5.41,2.34,1.75,0.54,2.70
5486,-3.56,-6.27,-4.70,-5.44,5.44,2.29,1.88,0.73,2.71
5541,-3.67,-6.39,-4.34,-5.47,5.47,2.24,1.80,1.12,2.72
5596,-4.25,-6.97,-3.91,-5.47,5.47,2.19,1.22,1.56,2.72
5652,-4.13,-6.84,-3.47,-5.43,5.43,2.14,1.30,1.96,2.71
5709,-3.66,-6.34,-3.09,-5.34,5.34,2.10,1.69,2.25,2.68
5766,-3.18,-5.82,-2.98,-5.21,5.21,2.06,2.04,2.23,2.64
5823,-2.94,-5.52,-2.86,-5.04,5.04,2.02,2.10,2.18,2.58
5882,-2.70,-5.20,-2.62,-4.83,4.83,1.98,2.13,2.20,2.50
5940,-2.37,-4.77,-2.39,-4.58,4.58,1.94,2.21,2.19,2.41
6000,-2.21,-4.49,-2.13,-4.31,4.31,1.91,2.11,2.18,2.28
6060,-1.80,-3.94,-1.89,-4.04,4.04,1.88,2.24,2.15,2.14
6120,-1.61,-3.58,-1.68,-3.76,3.76,1.85,2.15,2.08,1.97
6182,-1.24,-3.03,-1.52,-3.49,3.49,1.82,2.25,1.97,1.79
6244,-1.39,-2.97,-1.49,-3.25,3.25,1.79,1.86,1.76,1.58
6306,-1.39,-2.75,-1.56,-3.05,3.05,1.77,1.66,1.49,1.36
6369,-1.33,-2.45,-1.70,-2.92,2.92,1.75,1.59,1.22,1.12
6433,-1.62,-2.49,-1.91,-2.88,2.88,1.73,1.26,0.97,0.87
6497,-2.11,-2.73,-2.18,-2.93,2.93,1.71,0.82,0.75,0.62
6562,-2.61,-2.98,-2.50,-3.04,3.04,1.69,0.44,0.54,0.37
6628,-2.92,-3.05,-2.87,-3.20,3.20,1.68,0.28,0.33,0.13
6694,-3.41,-3.31,-3.28,-3.38,3.28,1.66,-0.13,-0.00,-0.10
6761,-3.90,-3.59,-3.72,-3.57,3.27,1.65,-0.63,-0.45,-0.30
6828,-4.41,-3.92,-4.18,-3.75,3.16,1.64,-1.25,-1.03,-0.49
6897,-4.80,-4.15,-4.67,-3.90,2.96,1.63,-1.84,-1.71,-0.64
6966,-5.19,-4.41,-5.19,-4.02,2.70,1.62,-2.49,-2.49,-0.78
7035,-5.57,-4.68,-5.69,-4.09,2.37,1.61,-3.20,-3.32,-0.89
7106,-5.85,-4.87,-6.14,-4.12,1.98,1.60,-3.86,-4.15,-0.98
7177,-6.24,-5.18,-6.55,-4.11,1.64,1.59,-4.60,-4.91,-1.05
7249,-6.76,-5.64,-6.95,-4.08,1.33,1.59,-5.43,-5.62,-1.12
7321,-7.23,-6.06,-7.33,-4.01,1.06,1.58,-6.16,-6.26,-1.17
7394,-7.75,-6.52,-7.64,-3.93,0.84,1.57,-6.90,-6.80,-1.23
7468,-8.27,-6.98,-7.89,-3.86,0.66,1.56,-7.61,-7.23,-1.28
7543,-8.46,-7.11,-8.05,-3.80,0.52,1.55,-7.94,-7.54,-1.35
7618,-8.38,-6.96,-8.14,-3.72,0.40,1.54,-7.98,-7.74,-1.42
7694,-8.03,-6.52,-8.11,-3.63,0.31,1.53,-7.72,-7.80,-1.51
7771,-7.97,-6.37,-8.00,-3.55,0.24,1.51,-7.73,-7.76,-1.60
7849,-7.99,-6.30,-7.75,-3.46,0.18,1.50,-7.81,-7.57,-1.69
7928,-7.84,-6.05,-7.36,-3.36,0.14,1.48,-7.70,-7.22,-1.79
8007,-7.22,-5.33,-6.84,-3.26,0.11,1.46,-7.11,-6.74,-1.88
8087,-6.51,-4.54,-6.24,-3.18,0.08,1.44,-6.43,-6.16,-1.97
8168,-5.99,-3.94,-5.65,-3.12,0.06,1.42,-5.93,-5.59,-2.05
8250,-5.29,-3.16,-5.13,-3.07,0.05,1.39,-5.24,-5.09,-2.12
8332,-4.78,-2.60,-4.76,-3.05,0.04,1.37,-4.74,-4.73,-2.18
8415,-4.16,-1.93,-4.60,-3.04,0.03,1.34,-4.13,-4.57,-2.23
8499,-3.89,-1.64,-4.67,-3.04,0.02,1.31,-3.87,-4.65,-2.25
8584,-3.04,-0.78,-4.84,-3.03,0.02,1.28,-3.02,-4.82,-2.26
8670,-3.27,-1.02,-5.11,-3.01,0.01,1.24,-3.26,-5.10,-2.25
8757,-3.79,-1.58,-5.35,-3.00,0.01,1.21,-3.78,-5.35,-2.21
8845,-4.79,-2.63,-5.46,-2.97,0.01,1.17,-4.78,-5.45,-2.16
8933,-6.22,-4.13,-5.46,-2.91,0.01,1.14,-6.21,-5.45,-2.09
9022,-7.22,-5.21,-5.31,-2.83,0.00,1.10,-7.21,-5.31,-2.01
9113,-7.82,-5.90,-5.02,-2.71,0.00,1.06,-7.82,-5.01,-1.92
9204,-8.01,-6.18,-4.61,-2.51,0.00,1.03,-8.01,-4.60,-1.82
9296,-6.96,-5.22,-4.20,-2.25,0.00,0.99,-6.96,-4.20,-1.73
9389,-4.56,-2.90,-3.82,-2.03,0.00,0.95,-4.56,-3.82,-1.66
9483,-2.82,-1.22,-3.51,-1.88,0.00,0.91,-2.82,-3.51,-1.60
9577,-0.56,1.01,-3.23,-1.79,0.00,0.87,-0.56,-3.23,-1.57
9673,0.32,1.90,-2.98,-1.79,0.00,0.83,0.32,-2.98,-1.58
9770,-0.61,1.01,-2.84,-1.87,0.00,0.80,-0.61,-2.84,-1.62
9868,-0.91,0.79,-2.93,-2.03,0.00,0.76,-0.91,-2.93,-1.70
9966,-2.06,-0.25,-3.37,-2.27,0.00,0.72,-2.06,-3.37,-1.81
10066,-4.16,-2.22,-4.16,-2.57,0.00,0.69,-4.16,-4.16,-1.94
10167,-6.35,-4.27,-5.26,-2.91,0.00,0.65,-6.35,-5.26,-2.08
10268,-7.56,-5.34,-6.53,-3.28,0.00,0.62,-7.56,-6.53,-2.22
10371,-8.51,-6.18,-7.83,-3.65,0.00,0.58,-8.51,-7.83,-2.33
10475,-9.16,-6.76,-8.94,-4.02,0.00,0.55,-9.16,-8.94,-2.39
10579,-9.67,-7.26,-9.83,-4.37,0.00,0.52,-9.67,-9.83,-2.41
10685,-11.02,-8.66,-10.34,-4.70,0.00,0.48,-11.02,-10.34,-2.36
10792,-12.24,-10.00,-10.42,-4.98,0.00,0.45,-12.24,-10.42,-2.24
10900,-12.30,-10.25,-10.27,-5.16,0.00,0.42,-12.30,-10.27,-2.05
11009,-11.47,-9.69,-9.86,-5.23,0.00,0.39,-11.47,-9.86,-1.78
11119,-9.78,-8.33,-9.23,-5.21,0.00,0.36,-9.78,-9.23,-1.45
11230,-7.86,-6.79,-8.46,-5.13,0.00,0.33,-7.86,-8.46,-1.06
11343,-6.58,-5.93,-7.59,-5.04,0.00,0.30,-6.58,-7.59,-0.65
11456,-5.62,-5.39,-6.67,-5.01,0.00,0.27,-5.62,-6.67,-0.22
11571,-4.83,-5.02,-5.79,-4.98,0.00,0.24,-4.83,-5.79,0.19
11686,-4.11,-4.67,-4.95,-4.97,0.00,0.22,-4.11,-4.95,0.56
11803,-3.47,-4.35,-4.17,-4.96,0.00,0.19,-3.47,-4.17,0.88
11921,-4.26,-5.38,-3.60,-4.98,0.00,0.16,-4.26,-3.60,1.12
12040,-3.97,-5.23,-3.37,-5.03,0.00,0.13,-3.97,-3.37,1.27
12161,-3.33,-4.63,-3.44,-5.09,0.00,0.10,-3.33,-3.44,1.30
12282,-3.06,-4.27,-3.75,-5.17,0.00,0.07,-3.06,-3.75,1.22
12405,-3.26,-4.27,-4.25,-5.27,0.00,0.05,-3.26,-4.25,1.01
12529,-4.67,-5.34,-4.89,-5.39,0.00,0.02,-4.67,-4.89,0.68
12655,-5.61,-5.83,-5.60,-5.52,0.00,-0.01,-5.61,-5.60,0.22
12781,-5.94,-5.59,-6.39,-5.67,0.00,-0.04,-5.94,-6.39,-0.35
12909,-6.93,-5.92,-7.24,-5.84,0.00,-0.08,-6.93,-7.24,-1.01
13038,-8.36,-6.60,-8.12,-5.99,0.00,-0.11,-8.36,-8.12,-1.76
13168,-9.70,-7.13,-9.00,-6.08,0.00,-0.14,-9.70,-9.00,-2.57
13300,-10.47,-7.05,-9.97,-6.09,0.00,-0.18,-10.47,-9.97,-3.42
13433,-10.99,-6.71,-10.82,-6.03,0.00,-0.21,-10.99,-10.82,-4.27
13567,-11.94,-6.83,-11.51,-5.89,0.00,-0.25,-11.94,-11.51,-5.11
13703,-12.17,-6.27,-12.00,-5.71,0.00,-0.29,-12.17,-12.00,-5.90
13840,-12.21,-5.59,-12.31,-5.50,0.00,-0.33,-12.21,-12.31,-6.62
13978,-12.81,-5.56,-12.46,-5.29,0.00,-0.38,-12.81,-12.46,-7.25
14118,-13.18,-5.41,-12.55,-5.06,0.00,-0.43,-13.18,-12.55,-7.76
14259,-13.18,-5.02,-12.56,-4.83,0.00,-0.47,-13.18,-12.56,-8.16
14402,-13.04,-4.60,-12.56,-4.60,0.00,-0.53,-13.04,-12.56,-8.44
14546,-12.39,-3.80,-12.52,-4.39,0.00,-0.58,-12.39,-12.52,-8.59
14692,-11.24,-2.61,-12.42,-4.17,0.00,-0.64,-11.24,-12.42,-8.63
14838,-11.48,-2.91,-12.29,-3.95,0.00,-0.70,-11.48,-12.29,-8.57
14987,-11.33,-2.89,-12.24,-3.73,0.00,-0.75,-11.33,-12.24,-8.44
15137,-11.41,-3.16,-12.18,-3.52,0.00,-0.81,-11.41,-12.18,-8.24
15288,-11.44,-3.42,-11.99,-3.30,0.00,-0.87,-11.44,-11.99,-8.02
15441,-12.77,-4.98,-11.68,-3.08,0.00,-0.92,-12.77,-11.68,-7.79
15595,-12.68,-5.11,-11.40,-2.85,0.00,-0.96,-12.68,-11.40,-7.57
15751,-12.14,-4.76,-11.13,-2.59,0.00,-1.00,-12.14,-11.13,-7.38
15909,-10.91,-3.68,-10.82,-2.31,0.00,-1.02,-10.91,-10.82,-7.23
16068,-10.44,-3.32,-10.46,-1.99,0.00,-1.03,-10.44,-10.46,-7.12
16229,-10.64,-3.58,-10.06,-1.65,0.00,-1.02,-10.64,-10.06,-7.06
16391,-10.54,-3.49,-9.68,-1.29,0.00,-0.99,-10.54,-9.68,-7.05
16555,-8.16,-1.09,-9.36,-0.91,0.00,-0.95,-8.16,-9.36,-7.07
16720,-7.36,-0.24,-9.15,-0.53,-0.07,-0.89,-7.43,-9.22,-7.12
16888,-7.62,-0.43,-8.88,-0.15,-0.23,-0.83,-7.84,-9.10,-7.19
17056,-8.19,-0.92,-8.49,0.25,-0.46,-0.76,-8.65,-8.95,-7.27
17227,-7.49,-0.14,-8.08,0.67,-0.78,-0.68,-8.26,-8.86,-7.34
17399,-7.23,0.19,-7.54,1.12,-1.15,-0.61,-8.38,-8.69,-7.42
17573,-7.31,0.17,-6.92,1.59,-1.59,-0.54,-8.89,-8.50,-7.48
17749,-8.09,-0.56,-6.19,2.08,-2.08,-0.47,-10.17,-8.27,-7.53
17926,-8.27,-0.70,-5.40,2.60,-2.60,-0.41,-10.87,-8.00,-7.57
18106,-6.85,0.76,-4.59,3.15,-3.15,-0.36,-10.00,-7.74,-7.61
18287,-5.28,2.39,-4.02,3.71,-3.71,-0.31,-8.99,-7.74,-7.67
18470,-1.81,5.93,-3.45,4.30,-4.30,-0.26,-6.11,-7.75,-7.74
18654,-0.42,7.39,-2.87,4.91,-4.91,-0.22,-5.33,-7.78,-7.81
18841,0.60,8.48,-2.28,5.54,-5.54,-0.19,-4.94,-7.82,-7.88
19029,0.98,8.93,-1.69,6.19,-6.19,-0.16,-5.21,-7.88,-7.95
19220,0.34,8.37,-1.09,6.87,-6.87,-0.13,-6.52,-7.96,-8.03
19412,0.06,8.17,-0.49,7.57,-7.57,-0.11,-7.50,-8.06,-8.11
19606,0.12,8.31,0.12,8.29,-8.29,-0.09,-8.16,-8.17,-8.19
19802,-0.39,7.88,0.73,9.03,-9.03,-0.07,-9.42,-8.30,-8.27
20000,-1.40,6.96,1.35,9.80,-9.80,-0.06,-11.19,-8.44,-8.36
