frequency,raw,error,smoothed,error_smoothed,equalization,equalized_raw,equalized_smoothed,target
20,-20.501933591031186,-21.287819791877055,-20.477307858479794,-21.263178712099506,5.999999999999999,-14.501933591031186,-14.477307858479794,0.785886200845868
21,-19.772961450417462,-20.558828699025742,-19.845882240547347,-20.631751843407223,6.0,-13.772961450417462,-13.845882240547347,0.7858672486082812
22,-19.181029058420478,-19.966871515056912,-19.247427203138088,-20.033281974179367,6.0,-13.181029058420478,-13.247427203138088,0.7858424566364333
23,-18.884143353566934,-19.669953772268393,-18.681942746252012,-19.467769104415936,5.999999999999999,-12.884143353566934,-12.681942746252012,0.7858104187014585
24,-18.16215698638195,-18.947926462036083,-18.149428869889107,-18.93521323411691,5.999999999999998,-12.162156986381953,-12.149428869889109,0.7857694756541327
25,-17.55870871051987,-18.344426394498537,-17.651830128970506,-18.437560394538146,6.000000000000001,-11.55870871051987,-11.651830128970506,0.7857176839786661
26,-17.173013235227213,-17.95866601727632,-17.18712317787457,-17.9727857854921,6.0,-11.173013235227213,-11.187123177874572,0.7856527820491079
27,-16.668320755634035,-17.453892909671573,-16.753088731160492,-17.538668552888712,6.0,-10.668320755634035,-10.753088731160492,0.7855721540375402
28,-16.401329874422512,-17.18680266585122,-16.346249939550177,-17.131729263825743,6.0,-10.401329874422512,-10.346249939550177,0.785472791428711
29,-15.926386343569355,-16.711737595670808,-15.962191821648222,-16.747549317284832,6.000000000000001,-9.926386343569355,-9.962191821648222,0.7853512521014525
30,-15.636880235368867,-16.42208385231388,-15.59681940855263,-16.382029665418095,6.0,-9.636880235368867,-9.59681940855263,0.7852036169450121
31,-15.246376477067864,-16.031401921054684,-15.246762921641789,-16.031795784156586,5.999999999999999,-9.246376477067866,-9.246762921641789,0.785025443986819
32,-15.129873379401632,-15.914685099420218,-14.910073324421319,-15.694893383393758,5.999999999999999,-9.129873379401634,-8.910073324421319,0.784811720018586
33,-14.353293845088125,-15.137850654807906,-14.586385555730656,-15.370951638913544,6.0,-8.353293845088125,-8.586385555730656,0.7845568097197813
34,-14.566616589085102,-15.350870991376915,-14.276526483610887,-15.06079104233226,5.999999999999998,-8.566616589085104,-8.276526483610889,0.7842544022918139
35,-13.696639745002615,-14.480537200635695,-13.981818836184477,-14.765727282485845,6.000000000000001,-7.6966397450026145,-7.981818836184476,0.7838974556330802
36,-13.73686963006008,-14.520347768164712,-13.703227082550423,-14.486717023617517,5.999999999999998,-7.736869630060081,-7.703227082550425,0.7834781381046327
37,-13.247951787086091,-14.030939555045155,-13.440710276535686,-14.223710664181816,6.0,-7.247951787086091,-7.440710276535686,0.7829877679590638
38,-13.415077904747562,-14.197494655279238,-13.19300220341298,-13.975432413649223,6.000000000000001,-7.4150779047475615,-7.19300220341298,0.7824167505316759
39,-12.961452178467901,-13.74320669179136,-12.957856598100829,-13.73962544005986,6.0,-6.961452178467901,-6.957856598100829,0.7817545133234582
40,-12.768122222592373,-13.549111661732809,-12.732627377911083,-13.51363204076351,5.999999999999999,-6.768122222592374,-6.732627377911084,0.7809894391404364
41,-12.48023341538165,-13.260342212875518,-12.514927140400975,-13.295052076201983,5.999999999999999,-6.48023341538165,-6.514927140400975,0.7801087974938694
42,-12.298645217948046,-13.077743892459239,-12.303114620185626,-13.082230359347342,6.000000000000003,-6.298645217948043,-6.303114620185624,0.7790986745111934
43,-12.07738687143792,-12.855330773096842,-12.096466853319146,-12.874428750514348,6.0,-6.07738687143792,-6.096466853319146,0.7779439016589222
44,-11.926524802468787,-12.703152786105186,-11.895037603927609,-12.67168451161345,6.0,-5.926524802468787,-5.895037603927609,0.7766279836363985
45,-11.685057647854087,-12.460190673717928,-11.699323801853836,-12.474476670623423,5.999999999999998,-5.685057647854089,-5.699323801853838,0.7751330258638407
46,-11.523855834861354,-12.297295496921198,-11.50990939061231,-12.283369796546788,6.0,-5.5238558348613545,-5.509909390612311,0.7734396620598432
47,-11.316915174214929,-12.088442156697734,-11.327220838503784,-12.098769438355951,6.0,-5.3169151742149285,-5.327220838503784,0.7715269824828064
48,-11.121927101428144,-11.891299564925962,-11.151444761890247,-11.920839677723006,6.0,-5.121927101428144,-5.151444761890247,0.7693724634978194
49,-11.01649978949366,-11.783451688719172,-10.982572827063375,-11.74954796250649,5.999999999999999,-5.01649978949366,-4.982572827063376,0.7669518992255115
50,-10.822101867475393,-11.586341203607574,-10.820493498457052,-11.584756789525475,5.999999999999999,-4.822101867475394,-4.820493498457053,0.7642393361321806
51,-10.669340893704526,-11.430547905235434,-10.665054391723295,-11.42628599609274,5.999999999999999,-4.669340893704526,-4.665054391723296,0.761207011530908
52,-10.494993014930778,-11.252818312011645,-10.516058795207007,-11.273909224923816,5.999999999999999,-4.494993014930778,-4.516058795207008,0.7578252970808661
53,-10.361991594305676,-11.116054242801445,-10.373209352832287,-11.12729755668105,6.000000000000002,-4.361991594305675,-4.373209352832285,0.7540626484957689
54,-10.232416335289873,-10.982301898091155,-10.236044744394245,-10.985956147502254,6.0,-4.232416335289873,-4.2360447443942455,0.7498855628012828
55,-10.236926601548019,-10.982185146161644,-10.103915362259396,-10.849199871997225,6.0,-4.236926601548019,-4.1039153622593965,0.7452585446136255
56,-9.646979729231866,-10.387123812277236,-9.97602127956382,-10.716191268415315,6.000000000000002,-3.646979729231864,-3.9760212795638186,0.74014408304537
57,-10.15102183139293,-10.885524472370076,-9.851506229079622,-10.586034506897807,5.999999999999999,-4.151021831392931,-3.8515062290796225,0.7345026409771456
58,-9.713881140470354,-10.442173799032469,-9.729583478353,-10.457901268294025,6.0,-3.7138811404703542,-3.7295834783529997,0.7282926585621143
59,-9.455548514864688,-10.17701908781469,-9.609666444686631,-10.331161379110632,6.000000000000002,-3.4555485148646863,-3.6096664446866296,0.7214705729500022
60,-9.733546455593665,-10.44753731191803,-9.491483902353142,-10.205498057084505,6.000000000000001,-3.7335464555936637,-3.491483902353141,0.7139908563243651
61,-9.070202841418373,-9.776008915853726,-9.375167348895662,-10.08099533642688,6.000000000000002,-3.0702028414183715,-3.37516734889566,0.7058060744353538
62,-9.552961381430976,-10.249828349305327,-9.261296605006677,-9.95818374948457,6.0,-3.5529613814309755,-3.2612966050066774,0.6968669678743509
63,-8.869053296207557,-9.556175854577212,-9.150876539032229,-9.838017158148995,6.0,-2.8690532962075572,-3.150876539032229,0.6871225583696545
64,-9.351812000785475,-10.028332283161745,-9.045210326601735,-9.721746147821463,5.999999999999999,-3.3518120007854764,-3.045210326601736,0.6765202823762704
65,-8.667904261192545,-9.332910415372353,-8.945647747577652,-9.610666488215914,5.999999999999999,-2.667904261192546,-2.9456477475776532,0.665006154179808
66,-9.150663486527696,-9.803188447153564,-8.853228449846384,-9.505762592816964,6.000000000000002,-3.1506634865276943,-2.853228449846382,0.6525249606258687
67,-8.484879205649584,-9.12389969506307,-8.76829679964268,-9.407322598869266,5.999999999999999,-2.4848792056495848,-2.7682967996426813,0.6390204894134861
68,-8.791593571535884,-9.416029364181348,-8.690212666840408,-9.314649417471795,6.000000000000001,-2.7915935715358833,-2.6902126668404067,0.6244357926454649
69,-8.512811386564035,-9.121524873565836,-8.617292807680666,-9.226002416661238,5.999999999999999,-2.512811386564036,-2.617292807680667,0.6087134870018005
70,-8.506987207470267,-9.098783298957708,-8.547069844204467,-9.138856738273061,6.0,-2.5069872074702673,-2.547069844204467,0.5917960914874398
71,-8.748363905427897,-9.321990308624711,-8.476852625449524,-9.050464037056527,6.0,-2.7483639054278974,-2.4768526254495242,0.5736264031968132
72,-8.197038268175541,-8.751186179106494,-8.404452519785547,-8.958579193874707,5.999999999999999,-2.1970382681755423,-2.404452519785548,0.5541479109309515
73,-8.46207901313716,-8.995384258934926,-8.328852913225585,-8.862130272873898,6.0,-2.46207901313716,-2.3288529132255853,0.5333052457977656
74,-8.369135810030006,-8.880180477154303,-8.25058560332212,-8.761595401336736,6.000000000000001,-2.369135810030005,-2.2505856033221194,0.5110446671242976
75,-7.9189012664332905,-8.406215847551273,-8.171652976339848,-8.658925444291691,5.999999999999998,-1.9189012664332923,-2.1716529763398498,0.4873145811179831
76,-8.116028013851142,-8.57809410259418,-8.09498109123254,-8.556997588427059,6.000000000000003,-2.11602801385114,-2.0949810912325377,0.46206608874303745
77,-8.346030010769873,-8.781283569014075,-8.023556007636587,-8.458752197828064,6.000000000000001,-2.346030010769872,-2.0235560076365866,0.4352535582442023
78,-7.6621497353853245,-8.068984952060132,-7.959516833601656,-8.366286493285358,5.999999999999999,-1.6621497353853254,-1.9595168336016568,0.4068352166748075
79,-7.780344642383588,-8.157118396080417,-7.903500833455228,-8.28020047852138,6.000000000000002,-1.7803446423835858,-1.903500833455226,0.3767737536968294
80,-7.903675075292098,-8.248712005142089,-7.854450785228575,-8.19940527622556,6.0,-1.9036750752920977,-1.8544507852285754,0.3450369298499911
81,-7.890046485505402,-8.201644665978284,-7.809931364138832,-8.121440392629518,6.0,-1.890046485505402,-1.8099313641388317,0.311598180472882
82,-7.803350672892032,-8.079787878435448,-7.766821148928669,-8.043166034764157,6.0,-1.8033506728920319,-1.7668211489286687,0.276437205543417
83,-7.70587543787963,-7.945415972813118,-7.722122431453354,-7.961572187330924,6.000000000000002,-1.7058754378796284,-1.7221224314533519,0.23954053493348715
84,-7.70293604887874,-7.903838106868019,-7.673614180992383,-7.8744297957819835,6.0,-1.7029360488787404,-1.6736141809923826,0.20090205798927796
85,-7.627586153711692,-7.788109659710983,-7.620169133710745,-7.780606037051063,6.0,-1.6275861537116922,-1.6201691337107453,0.16052350599929088
86,-7.56504637112504,-7.683461247163225,-7.561714315017509,-7.68002516481503,6.0,-1.5650463711250397,-1.5617143150175092,0.11841487603818557
87,-7.500870428228664,-7.575465213140157,-7.498959127242264,-7.573401645183386,6.0,-1.500870428228664,-1.498959127242264,0.07459478491149385
88,-7.39943683581843,-7.4285275783193985,-7.4330834292255155,-7.461939240767149,6.0,-1.3994368358184301,-1.4330834292255155,0.02909074250096877
89,-7.333102014427881,-7.3150413491660515,-7.365540579565817,-7.347148811756715,6.0,-1.3331020144278813,-1.3655405795658169,-0.01806066526182981
90,-7.29627965226426,-7.22946595998111,-7.298012528361003,-7.230815159835066,6.0,-1.2962796522642597,-1.298012528361003,-0.0668136922831497
91,-7.294767389464179,-7.17765393554377,-7.232426140278534,-7.115011865636111,5.999999999999999,-1.2947673894641802,-1.2324261402785348,-0.11711345392040906
92,-7.192823772515526,-7.023927713266844,-7.170879002724707,-7.002002734847792,5.999999999999999,-1.1928237725155268,-1.1708790027247078,-0.16889605924868167
93,-7.191935467734824,-6.9698466110311,-7.115368468635934,-6.893920679075382,6.000000000000002,-1.1919354677348224,-1.115368468635932,-0.22208885670372425
94,-7.091373865969367,-6.814763072553687,-7.067344010144051,-6.792253276191142,6.0,-1.0913738659693673,-1.0673440101440512,-0.27661079341568096
95,-6.7306979608987865,-6.398325074891674,-7.027239210015647,-6.697313656199041,6.000000000000001,-0.7306979608987856,-1.0272392100156464,-0.33237288600711246
96,-6.8492539376647485,-6.459975139622147,-6.994207584497258,-6.607950875537916,6.0,-0.8492539376647485,-0.994207584497258,-0.38927879804260135
97,-7.262575661870611,-6.815350145094534,-6.966237584072666,-6.521701342875467,5.999999999999998,-1.2625756618706125,-0.966237584072668,-0.447225516776077
98,-6.961935270600223,-6.45583115116041,-6.940670027294871,-6.435413606227126,6.000000000000001,-0.9619352706002218,-0.9406700272948703,-0.5061041194398124
99,-6.920217467951153,-6.354416850804581,-6.914958787526995,-6.346169734314566,6.0,-0.9202174679511526,-0.9149587875269951,-0.5658006171465715
100,-6.904774980523789,-6.278578117907196,-6.887397270715525,-6.252181949870943,6.0,-0.904774980523789,-0.8873972707155247,-0.6261968626165926
101,-6.851522741669697,-6.164351235205096,-6.857540835916586,-6.153336693219689,5.987885342694595,-0.8636373989751025,-0.8696554932219911,-0.6871715064646011
102,-6.802061610216438,-6.053460624472695,-6.826181886535195,-6.051191365322366,5.961965659112793,-0.8400959511036454,-0.8642162274224017,-0.7486009857437428
104,-6.793352433617387,-5.921027280577098,-6.794917406293887,-5.948439555231289,5.870918077755736,-0.9224343558616512,-0.9239993285381516,-0.8723251530402893
105,-6.723593107637488,-5.789222449208668,-6.765502735956439,-5.848054744524706,5.809993955646389,-0.9135991519910993,-0.9555087803100495,-0.9343706584288203
106,-6.741094318489224,-5.744719749718608,-6.739242535166616,-5.752418068349186,5.740506520307594,-1.0005877981816296,-0.9987360148590216,-0.9963745687706158
107,-6.711091340652803,-5.652874302027817,-6.716614388662876,-5.662702016777513,5.662702016777512,-1.0483893238752913,-1.0539123718853638,-1.0582170386249867
108,-6.6882639816946305,-5.568482288002983,-6.69719444088709,-5.578651793963013,5.578651793963014,-1.1096121877316163,-1.1185426469240758,-1.1197816936916474
109,-6.709810594679055,-5.5288541944716965,-6.679830570554657,-5.498753054077721,5.4987530540777225,-1.2110575406013329,-1.1810775164769343,-1.1809564002073594
110,-6.6870030284364566,-5.445369074835783,-6.66294211734343,-5.420664516519839,5.420664516519837,-1.2663385119166195,-1.2422776008235932,-1.2416339536006729
111,-6.644191333009225,-5.3424786532400095,-6.6448270585862055,-5.34175320150254,5.341753201502541,-1.3024381315066842,-1.3030738570836649,-1.301712679769215
112,-6.592335169483633,-5.231238224913378,-6.623904644650009,-5.259590167433718,5.259590167433719,-1.332745002049914,-1.3643144772162907,-1.3610969445702543
113,-6.564981098354032,-5.145283529057016,-6.598875874165754,-5.172316295347676,5.172316295347675,-1.3926648030063573,-1.426559578818079,-1.419697569297016
114,-6.570284719108434,-5.092852567126187,-6.568815484139922,-5.078840075131866,5.078840075131865,-1.4914446439765694,-1.489975409008057,-1.4774321519822475
115,-6.572244109322972,-5.0380188130516945,-6.533211702646664,-4.978867827497458,4.97886782749746,-1.5933762818255124,-1.554343875149204,-1.5342252962712783
117,-6.470669828844903,-4.8259483614371685,-6.491962230987248,-4.87279599048806,4.872795990488059,-1.5978738383568443,-1.6191662404991893,-1.644721467407734
118,-6.620533372816103,-4.9222237989531,-6.445339454202765,-4.761524841023149,4.76152484102315,-1.859008531792953,-1.6838146131796146,-1.698309573863003
119,-6.4047571935975265,-4.654030908246817,-6.393953343658451,-4.6462747448333594,4.646274744833359,-1.758482448764168,-1.7476785988250922,-1.750726285350709
120,-6.180386500685864,-4.378454755646878,-6.3387458807488475,-4.528479033077735,4.528479033077734,-1.6519074676081296,-1.8102668476711132,-1.8019317450389858
121,-5.985067971520128,-4.133175159427594,-6.281029030631685,-4.409781738291297,4.409781738291297,-1.575286233228831,-1.8712472923403878,-1.8518928120925344
123,-6.500264580103537,-4.552283393468613,-6.222532356378516,-4.292097529263501,4.2920975292635015,-2.2081670508400357,-1.9304348271150147,-1.947981186634924
124,-6.366719844040548,-4.372646578563403,-6.165381872084454,-4.177630772656707,4.177630772656707,-2.189089071383841,-1.9877510994277472,-1.9940732654771458
125,-6.122949528562536,-4.084099718954439,-6.111925861633998,-4.068742697485746,4.068742697485746,-2.0542068310767903,-2.0431831641482523,-2.038849809608097
126,-5.956099749590558,-3.873793058188678,-6.0643818891661,-3.967624018887217,3.967624018887217,-1.9884757307033407,-2.096757870278883,-2.0823066914018797
128,-5.839102472057585,-3.673834302654988,-6.024390436646382,-3.875856463835684,3.875856463835685,-1.9632460082218994,-2.1485339728106965,-2.1652681694025966
129,-6.0026111383802965,-3.7978245737054936,-5.992664680425813,-3.7940627436275163,3.7940627436275176,-2.208548394752779,-2.1986019367982954,-2.204786564674803
130,-5.9969567299309015,-3.753944599999349,-5.968951376821009,-3.721873567794714,3.721873567794714,-2.2750831621361876,-2.247077809026295,-2.2430121299315524
131,-5.991734938357045,-3.7117744356176385,-5.952425720770102,-3.6583424322238063,3.6583424322238063,-2.3333925061332383,-2.294083288546296,-2.279960502739406
133,-5.9869429917290615,-3.636840930233403,-5.9424541274493095,-3.6027392017478532,3.6027392017478537,-2.384203789981208,-2.339714925701456,-2.3501020614956585
134,-5.9826057167695215,-3.5992663711611317,-5.939451714335082,-3.555437235462313,3.555437235462313,-2.4271684813072083,-2.3840144788727686,-2.38333934560839
135,-5.978772369343281,-3.563385373436327,-5.945440652926743,-3.5184860630752532,3.5184860630752537,-2.460286306268027,-2.4269545898514897,-2.4153869959069536
137,-5.975504548162768,-3.4994836595087135,-5.96396244775862,-3.4955143711751284,3.495514371175128,-2.4799901769876405,-2.468448076583492,-2.476020888654055
138,-5.972858867425482,-3.4681950065820226,-5.999220169439962,-3.4908414862806287,3.490841486280629,-2.482017381144853,-2.5083786831593327,-2.5046638608434595
140,-5.9708687786317585,-3.4121186400364216,-6.054644040555514,-3.5080027882775155,3.508002788277516,-2.4628659903542425,-2.546641252277998,-2.558750138595337
141,-5.969529679272476,-3.3852752252513234,-6.131352472100634,-3.54817740442299,3.54817740442299,-2.421352274849486,-2.5831750676776437,-2.5842544540211527
142,-6.2331626977585435,-3.624388627186422,-6.227091551000354,-3.6091138385012616,3.609113838501263,-2.6240488592572806,-2.6179777124990915,-2.6087740705721214
144,-6.406923187173384,-3.7519399225461227,-6.336112310397029,-3.6850161724026034,3.6850161724026025,-2.721907014770782,-2.6510961379944264,-2.6549832646272615
145,-6.353772577437129,-3.677037970414693,-6.450118493527418,-3.7675166381785092,3.7675166381785083,-2.586255939258621,-2.6826018553489095,-2.6767346070224365
147,-6.643568595152466,-3.9258853743424154,-6.560011266945278,-3.8474479268886332,3.8474479268886332,-2.796120668263833,-2.7125633400566445,-2.7176832208100508
148,-6.6657420812901504,-3.928801797836851,-6.657839016974364,-3.916810590018904,3.9168105900189025,-2.748931491271248,-2.7410284269554617,-2.7369402834532996
150,-6.866885394002075,-4.093719856576293,-6.738270685868843,-3.9702471690304257,3.970247169030426,-2.896638224971649,-2.7680235168384164,-2.773165537425782
151,-6.975807344000398,-4.185617158351958,-6.799098272515538,-4.005530496847676,4.005530496847675,-2.9702768471527223,-2.7935677756678627,-2.79019018564844
153,-6.800315551693697,-3.9781158871075055,-6.840671179529171,-4.022977668756724,4.022977668756724,-2.7773378829369735,-2.817693510772447,-2.8221996645861918
154,-6.683651650876943,-3.8464148332987538,-6.86460746846331,-4.024145764321264,4.024145764321264,-2.659505886555679,-2.8404617041420464,-2.837236817578189
156,-6.772729274752513,-3.9072281028272524,-6.872422089844462,-4.010457291951201,4.010457291951201,-2.7622719828013125,-2.861964797893261,-2.8655011719252608
157,-6.772067761215334,-3.8932915842211924,-6.864726247407424,-3.982410992805498,3.982410992805497,-2.789656768409837,-2.8823152546019273,-2.878776176994142
159,-6.9672479103460265,-4.063522323900215,-6.841372009367795,-3.93974708646658,3.9397470864665802,-3.0275008238794463,-2.901624922901215,-2.9037255864458116
160,-7.044803318159711,-4.129360130416961,-6.802461924224614,-3.8824778986887836,3.8824778986887822,-3.1623254194709287,-2.919984025535832,-2.9154431877427496
162,-6.626831494545398,-3.6893649924198755,-6.749721200236485,-3.812272868580986,3.812272868580986,-2.8145586259644118,-2.9374483316554993,-2.937466502125522
164,-6.761960847822182,-3.8042257501569474,-6.6875363198861875,-3.733497245718687,3.733497245718687,-3.0284636021034954,-2.9540390741675004,-2.957735097665235
165,-6.896338339096914,-3.929081728956031,-6.6230916351194615,-3.653337020620083,3.653337020620083,-3.243001318476831,-2.9697546144993785,-2.967256610140883
167,-6.319710725138112,-3.3345522471405733,-6.5654248368331025,-3.5808365665620276,3.580836566562027,-2.7388741585760847,-2.9845882702710753,-2.9851584779975386
169,-6.3753799859673945,-3.373736324989716,-6.523692428901582,-3.5251475007572903,3.5251475007572908,-2.8502324852101038,-2.9985449281442915,-3.0016436609776784
170,-6.443184329231953,-3.433792371635978,-6.505272002179851,-3.493621541030712,3.493621541030712,-2.9495627882012414,-3.011650461149139,-3.0093919575959753
172,-6.382460011106907,-3.3584913652731117,-6.514378093069979,-3.490426497193194,3.4904264971931935,-2.892033513913714,-3.0239515958767855,-3.0239686458337958
174,-6.576899663219789,-3.539495847058465,-6.551619676450462,-3.5161116680317237,3.516111668031723,-3.0607879951880665,-3.0355080084187396,-3.037403816161324
175,-6.740403474186727,-3.696680251157207,-6.614511941056179,-3.5681306512582656,3.568130651258265,-3.172272822928462,-3.046381289797914,-3.0437232230295197
177,-6.845322376236173,-3.7897012963079364,-6.698575717065167,-3.6419498752843285,3.6419498752843285,-3.203372500951845,-3.0566258417808387,-3.055621079928237
179,-6.757607183931484,-3.6910077607405083,-6.798484976881211,-3.732200010595653,3.7322000105956525,-3.025407173335832,-3.0662849662855582,-3.066599423190976
181,-6.7455297731740975,-3.6687954851068776,-6.908814456822478,-3.8334219776924643,3.833421977692466,-2.9121077954816315,-3.075392479130012,-3.07673428806722
183,-6.982631764978079,-3.89653650450004,-7.02422648169582,-3.9402488948774117,3.940248894877412,-3.0423828701006665,-3.0839775868184076,-3.0860952604780385
184,-7.192537762218598,-4.1020321181966235,-7.139262527760083,-4.047192897737949,4.047192897737949,-3.1453448644806494,-3.0920696300221344,-3.0905056440219743
186,-7.280496474164599,-4.1816730557592425,-7.248106760592385,-4.148406809651912,4.148406809651913,-3.1320896645126863,-3.0996999509404715,-3.0988234184053574
188,-7.212358564756799,-4.105842170782109,-7.344675910761756,-4.237775838899035,4.237775838899035,-2.974582725857764,-3.1069000718627215,-3.10651639397469
190,-7.604183422478482,-4.490547943756769,-7.423187086450179,-4.309489600811594,4.309489600811594,-3.294693821666888,-3.1136974856385846,-3.1136354787217133
192,-7.505383918058997,-4.385156696851426,-7.479075488314326,-4.358963929459178,4.358963929459179,-3.146419988599818,-3.1201115588551467,-3.1202272212075712
194,-7.592024679156008,-4.465690492855897,-7.5099164666435545,-4.383764550963247,4.383764550963247,-3.2082601281927614,-3.1261519156803077,-3.1263341863001113
196,-7.554988374735442,-4.422993073751401,-7.515952226934795,-4.384131822558475,4.3841318225584756,-3.170856552176966,-3.1318204043763194,-3.13199530098404
198,-7.289094371000305,-4.151848199159666,-7.4999570382155465,-4.362840972997731,4.362840972997731,-2.926253398002574,-3.137116065217816,-3.137246171840639
200,-7.5944369818294835,-4.452317605928634,-7.466434671740212,-4.324393446863924,4.324393446863924,-3.270043534965559,-3.142041224876288,-3.142119375900849
202,-7.548133117609692,-4.401488390988914,-7.4204107172906015,-4.273804253364869,4.27380425336487,-3.274328864244822,-3.146606463925732,-3.146644726620778
204,-7.276671809680924,-4.125822292950791,-7.366242120731609,-4.215409332511044,4.215409332511044,-3.0612624771698806,-3.1508327882205656,-3.1508495167301334
206,-7.078498032873642,-3.9237392931976096,-7.306850424189544,-4.152099940029538,4.152099940029538,-2.926398092844104,-3.1547504841600054,-3.1547587396760326
208,-7.226833483366803,-4.068438192028698,-7.243602604157708,-4.085207309594051,4.08520730959405,-3.141626173772752,-3.1583952945636575,-3.1583952913381044
210,-7.287155425046059,-4.125375271412158,-7.176791172954502,-4.0149878493434805,4.0149878493434805,-3.2721675757025785,-3.1618033236110215,-3.1617801536339014
212,-7.214281944533073,-4.049349382961143,-7.1064192374521005,-3.941412964796694,3.9414129647966947,-3.272868979736378,-3.165006272655406,-3.16493256157193
214,-7.101418218784514,-3.9335480635382307,-7.032884974499845,-3.864856697054921,3.8648566970549205,-3.2365615217295933,-3.168028277444925,-3.167870155246283
216,-6.890942487099473,-3.7203333688964597,-6.957234359618362,-3.7863493884231856,3.786349388423187,-3.1045930986762857,-3.1708849711951754,-3.170609118203013
218,-6.856325813861699,-3.6831615103185187,-6.8808764357997365,-3.7072917527201223,3.707291752720123,-3.149034061141576,-3.1735846830796137,-3.1731643035431802
221,-6.745044219445872,-3.5683622101203,-6.804926398005943,-3.6287952964175605,3.62879529641756,-3.116248923028312,-3.176131101588383,-3.1766820093255723
223,-6.639300706243468,-3.4604656419247664,-6.729532897279849,-3.5510064864878226,3.5510064864878217,-3.088294219755646,-3.1785264107920277,-3.1788350643187013
225,-6.654984920134178,-3.4741374749278364,-6.6535670995801475,-3.4727931989668015,3.472793198966801,-3.1821917211673774,-3.1807739006133464,-3.180847445206342
227,-6.593198676935847,-3.4104693654643277,-6.574888488958041,-3.3920091324694575,3.3920091324694575,-3.2011895444663896,-3.1828793564885833,-3.1827293114715194
229,-6.564219268112445,-3.3797292502512652,-6.491130583840265,-3.3062795450637816,3.3062795450637816,-3.257939723048663,-3.1848510387764835,-3.1844900178611795
232,-6.4850957113766805,-3.2981727377172056,-6.40069911783685,-3.214000535839625,3.214000535839625,-3.2710951755370554,-3.186698581997225,-3.186922973659475
234,-6.329743950463578,-3.1413267701150054,-6.303566631744641,-3.115135144002866,3.115135144002865,-3.2146088064607126,-3.1884314877417754,-3.1884171803485724
236,-6.254030220555142,-3.064212589183329,-6.201527750758411,-3.0114698240373583,3.0114698240373583,-3.242560396517784,-3.1900579267210523,-3.189817631371813
239,-6.04369250699708,-2.851935125571792,-6.097804425635966,-2.906220116542665,2.906220116542665,-3.137472390454415,-3.1915843090933005,-3.1917573814252878
241,-5.809676551970919,-2.616725424264826,-5.996155130671556,-2.8031394673746455,2.8031394673746455,-3.006537084596274,-3.1930156632969107,-3.192951127706093
244,-5.918809105196271,-2.724201662486266,-5.899828239569696,-2.705471756796115,2.7054717567961144,-3.2133373484001564,-3.1943564827735815,-3.1946074427100046
246,-5.871088677298348,-2.6754602302197226,-5.810731841280051,-2.615120306378613,2.6151203063786124,-3.255968370919736,-3.1956115349014382,-3.195628447078626
248,-5.684906612971685,-2.4883179577669075,-5.729073387176822,-2.532287154383159,2.5322871543831584,-3.1526194585885263,-3.1967862327936634,-3.1965886552047773
251,-5.710625422824665,-2.5127012181706787,-5.653526022149277,-2.4556395647186333,2.4556395647186324,-3.254985858106033,-3.197886457430645,-3.1979242046539866
253,-5.618529923170898,-2.4197797355557547,-5.581798696797533,-2.382880678556819,2.382880678556819,-3.2356492446140788,-3.1989180182407138,-3.198750187615143
256,-5.469487446553853,-2.2695866287238666,-5.511386390817785,-2.311500293387698,2.3115002933876974,-3.157987153166156,-3.199886097430088,-3.199900817829987
259,-5.372057779204947,-2.171102847565214,-5.4402691511946735,-2.2394741748124987,2.2394741748124987,-3.132583604392448,-3.200794976382175,-3.2009549316397328
261,-5.364573995065684,-2.1629634668128888,-5.367390909909535,-2.1657427649522347,2.165742764952235,-3.198831230113449,-3.2016481449572995,-3.2016105282527954
264,-5.521347185048919,-2.3188221157738242,-5.292835836266415,-2.0903871682256643,2.0903871682256647,-3.430960016823254,-3.2024486680407507,-3.2025250692750946
266,-5.146966060507884,-1.9438695396102115,-5.217696084289862,-2.0144965276108238,2.0144965276108238,-3.13246953289706,-3.2031995566790386,-3.2030965208976725
269,-4.8820843938794765,-1.6781911509569478,-5.143684486505028,-1.939780565111557,1.9397805651115565,-2.94230382876792,-3.2039039213934712,-3.2038932429225286
272,-5.328381530771637,-2.12375412227535,-5.0725997525659565,-1.868034919421873,1.868034919421873,-3.4603466113497636,-3.2045648331440835,-3.2046274084962865
274,-5.112025410277644,-1.9069364818851384,-5.005798857348179,-1.8006138677850805,1.8006138677850803,-3.3114115424925634,-3.205184989563098,-3.2050889283925055
277,-4.68998934736158,-1.4842593083632023,-4.943846897961754,-1.7380805145186984,1.738080514518698,-2.951908832842882,-3.2057663834430556,-3.205730038998378
280,-4.824643225691356,-1.6183228998945451,-4.886471890739606,-1.6801617356538343,1.6801617356538343,-3.144481490037522,-3.2063101550857716,-3.206320325796811
283,-4.90810814504828,-1.7012454139338904,-4.832846793239307,-1.6260300907517558,1.6260300907517562,-3.282078054296524,-3.2068167024875507,-3.20686273111439
286,-4.818581674004426,-1.6112222066177178,-4.782080135034032,-1.5747941470673847,1.5747941470673852,-3.2437875269370404,-3.2072859879666464,-3.207359467386708
288,-4.793462773214952,-1.5857980834269605,-4.733682990634884,-1.525965098032831,1.5259650980328308,-3.2674976751821214,-3.2077178926020533,-3.207664689787992
291,-4.683220407920545,-1.4751349239356015,-4.6877666673184635,-1.479654197286873,1.4796541972868733,-3.2035662106336718,-3.2081124700315904,-3.2080854839849433
294,-4.670332141521579,-1.4618691304848537,-4.644844319369965,-1.436374293370023,1.436374293370023,-3.2339578481515554,-3.208470025999942,-3.208463011036725
297,-4.65758595954337,-1.4487880460013272,-4.605317075896853,-1.3965260219465305,1.39652602194653,-3.26105993759684,-3.2087910539503226,-3.208797913542043
300,-4.4953490100280895,-1.286258106733447,-4.568916330733918,-1.359840195705221,1.359840195705221,-3.1355088143228684,-3.209076135028697,-3.2090909032946424
303,-4.291184447741902,-1.0818414166647856,-4.534439346770322,-1.3251134147969532,1.3251134147969534,-2.9660710329449484,-3.2093259319733685,-3.209343031077116
306,-4.466400923287947,-1.256844939665255,-4.500003373226344,-1.2904620054193434,1.2904620054193434,-3.1759389178686033,-3.209541367807,-3.2095559836226917
309,-4.578991591283727,-1.369259194518087,-4.463790599529402,-1.2540665949135308,1.2540665949135308,-3.3249249963701963,-3.209724004615871,-3.20973239676564
312,-4.7486716728026455,-1.5387955031076204,-4.4249851203165775,-1.215108558254152,1.215108558254152,-3.5335631145484934,-3.2098765620624254,-3.209876169695025
316,-4.447795384044814,-1.2377281224732162,-4.384461279175007,-1.174457811324121,1.1744578113241209,-3.273337572720693,-3.2100034678508855,-3.2100672615715977
319,-4.296389031938837,-1.086230277932922,-4.344856902890191,-1.1347455791112,1.1347455791111998,-3.1616434528276374,-3.2101113237789916,-3.210158754005915
322,-4.057234315481589,-0.8469942911466739,-4.30992781829398,-1.0997186224884663,1.099718622488466,-2.9575156929931223,-3.210209195805514,-3.2102400243349147
325,-4.177232978485728,-0.9669105584235367,-4.283403473568281,-1.073094794985178,1.0730947949851777,-3.1041381835005506,-3.210308678583104,-3.2103224200621914
328,-4.300579578850988,-1.0901602072660919,-4.267786744487564,-1.0573630158397476,1.0573630158397478,-3.2432165630112406,-3.2104237286478163,-3.2104193715848965
332,-4.302542437883844,-1.0919451490249616,-4.26355679593255,-1.0529865039518875,1.0529865039518873,-3.2495559339319566,-3.2105702919806633,-3.210597288858882
335,-4.304664039444411,-1.093896476073564,-4.269041162803042,-1.0582753985343178,1.0582753985343176,-3.2463886409100935,-3.210765764268724,-3.210767563370847
338,-4.306608778454652,-1.0956059003364622,-4.280929381769186,-1.069901064024569,1.0699010640245683,-3.236707714430083,-3.211028317744617,-3.2110028781181894
342,-4.3080743557945045,-1.0967121501619825,-4.295157797555943,-1.0837816846348622,1.0837816846348625,-3.224292671159642,-3.21137611292108,-3.211362205632522
345,-4.308792735069759,-1.0970135290940797,-4.307813224760713,-1.0959868296605952,1.0959868296605955,-3.212805905409164,-3.2118263951001174,-3.2117792059756796
349,-4.308533372936136,-1.0961851436979582,-4.315793128822399,-1.1033986665090247,1.1033986665090247,-3.205134706427111,-3.2123944623133744,-3.2123482292381778
352,-4.307111475709507,-1.0941011417024393,-4.31713927712299,-1.1040467877665512,1.104046787766551,-3.2030646879429563,-3.2130924893564394,-3.213010334007068
356,-4.304401703623382,-1.0905604558386988,-4.311113321980676,-1.0971851172870215,1.0971851172870217,-3.2072165863363606,-3.213928204693654,-3.2138412477846834
359,-4.300355417192602,-1.0855735653672105,-4.2981288366251995,-1.0832253968138223,1.0832253968138223,-3.2171300203787796,-3.214903439811377,-3.2147818518253914
363,-4.295017857775913,-1.0791328392012391,-4.2795966872981985,-1.0635840894571507,1.0635840894571504,-3.2314337683187624,-3.216012597841048,-3.215885018574674
366,-4.288540948698238,-1.0714572571827174,-4.257653143300596,-1.0404120300512292,1.0404120300512294,-3.248128918647009,-3.2172411132493663,-3.217083691515521
370,-4.281187730313131,-1.062784432462455,-4.234713047040277,-1.0161490553623356,1.0161490553623356,-3.2650386749507954,-3.218563991677941,-3.218403297850676
374,-4.273325541306418,-1.0535431621674771,-4.212863354435951,-0.9929188285588484,0.9929188285588484,-3.2804067127475696,-3.2199445258771027,-3.219782379138941
377,-4.162325410571151,-0.9411718460581984,-4.193244552019941,-0.9719112717607599,0.97191127176076,-3.1904141388103913,-3.2213332802591808,-3.221153564512953
381,-3.8958663536662965,-0.6733721039247231,-4.175662516341044,-0.9529950909949533,0.952995090994953,-2.9428712626713436,-3.2226674253460907,-3.2224942497415734
385,-4.082215734137443,-0.8585075067785679,-4.1586465191100945,-0.9347760317004667,0.9347760317004667,-3.1474397024369765,-3.223870487409628,-3.223708227358875
389,-4.224643668874497,-0.9999374800810781,-4.140005303987315,-0.9151527444187857,0.9151527444187859,-3.3094909244557105,-3.2248525595685287,-3.2247061887934185
393,-4.403974669872742,-1.1785888510813765,-4.1177022105088845,-0.8921912106781421,0.8921912106781422,-3.5117834591946,-3.2255109998307425,-3.2253858187913655
397,-4.154400935379979,-0.9287680151357369,-4.0906940850111555,-0.8649624648666342,0.8649624648666343,-3.2894384705133444,-3.225731620144521,-3.2256329202442418
401,-4.024314002702162,-0.7989909655845024,-4.059361878219018,-0.8339715286738123,0.8339715286738122,-3.19034247402835,-3.225390349545206,-3.22532303711766
405,-3.942887800488884,-0.718564250933158,-4.0253244846685705,-0.8009691498347586,0.8009691498347588,-3.1419186506541252,-3.224355334833812,-3.224323549555726
409,-3.889931275821355,-0.667435084483301,-3.990694548732056,-0.7682051242282457,0.7682051242282456,-3.1217261515931094,-3.2224894245038107,-3.222496191338054
413,-3.848599561837612,-0.6288996449721558,-3.957072960933644,-0.7374199948759075,0.7374199948759076,-3.1111795669617046,-3.2196529660577364,-3.2196999168654563
417,-3.8503402065818455,-0.6345461824731164,-3.9246751245669103,-0.7089682915514938,0.7089682915514938,-3.141371915030352,-3.2157068330154166,-3.215794024108729
421,-4.054902968430239,-0.8442615456367641,-3.891899585243801,-0.6813840003110179,0.681384000311018,-3.3735189681192215,-3.210515584932783,-3.210641422793475
425,-4.0124777667578115,-0.8083658420545294,-3.8554416453937272,-0.6514909937796625,0.6514909937796625,-3.360986772978149,-3.203950651614065,-3.204111924703282
430,-3.730925286352692,-0.5348328014918491,-3.8108338802734423,-0.6149404576702892,0.6149404576702892,-3.115984828682403,-3.1958934226031532,-3.1960924848608427
434,-3.711485225676981,-0.5250237960083335,-3.753168677099815,-0.5669305598563429,0.5669305598563428,-3.144554665820638,-3.186238117243472,-3.1864614296686473
438,-3.6069325774815018,-0.4317977000134485,-3.677767379637374,-0.5028730680006929,0.5028730680006929,-3.104059509480809,-3.1748943116366815,-3.1751348774680532
443,-3.482918004039759,-0.32087329249914376,-3.580673325082831,-0.41888431641118096,0.41888431641118085,-3.0640336876285783,-3.16178900867165,-3.162044711540615
447,-3.5942436494974315,-0.4471187902273659,-3.458981944483856,-0.3121137880181821,0.3121137880181822,-3.282129861479249,-3.1468681564656737,-3.1471248592700656
451,-3.5806624917161316,-0.4503154086792094,-3.3111027474553003,-0.18100519975007867,0.1810051997500787,-3.399657291966053,-3.1300975477052217,-3.130347083036922
456,-3.0210486775719665,0.09065340597584859,-3.137036754770232,-0.02557369017532403,0.02557369017532404,-2.9954749873966424,-3.1114630645949077,-3.111702083547815
460,-2.8191549714447053,0.27203183115798835,-2.9386668660499637,0.15230340203422987,-0.15230340203422985,-2.971458373478935,-3.0909702680841935,-3.0911868026026936
465,-2.779117295984261,0.2897178673602161,-2.719957763764211,0.3486855989679052,-0.3486855989679052,-3.127802894952166,-3.068643362732116,-3.068835163344477
470,-2.559010958486679,0.48567434656348896,-2.486908876684515,0.5576147211746607,-0.5576147211746609,-3.11662567966134,-3.044523597859176,-3.044685305050168
474,-2.2612336368501653,0.7575581254255757,-2.247132217655081,0.7715349726988823,-0.771534972698882,-3.0327686095490476,-3.0186671903539635,-3.018791762275741
479,-2.006835026440617,0.9843968329010417,-2.0090320751315978,0.9821107990185837,-0.9821107990185836,-2.9889458254592007,-2.9911428741501815,-2.9912318593416587
484,-1.7602794037072558,1.2018029443521607,-1.7807059422649836,1.1813232534029594,-1.1813232534029594,-2.941602657110215,-2.962029195667943,-2.9620823480594165
489,-1.5218431915760164,1.409587271330349,-1.56880847604886,1.3626032069055425,-1.3626032069055425,-2.884446398481559,-2.9314116829544026,-2.9314304629063654
494,-1.2913884393157669,1.6079789814905512,-1.3776696351904014,1.5217103830773977,-1.521710383077398,-2.8130988223931648,-2.8993800182677996,-2.899367420806318
499,-1.118877325622333,1.7471083102853986,-1.2089103894496942,1.6571149495625086,-1.6571149495625084,-2.7759922751848416,-2.866025339012203,-2.8659856359077316
504,-1.0155689121314575,1.8158072831595504,-1.0616666482580885,1.769771131950508,-1.7697711319505085,-2.7853400440819662,-2.831437780208597,-2.831376195291008
509,-1.101150992987975,1.694475702292047,-0.933354716070212,1.8623496375606754,-1.8623496375606754,-2.9635006305486504,-2.7957043536308874,-2.795626695280022
514,-0.8306671728256155,1.9281523399092895,-0.8207483000728142,1.938158935432156,-1.938158935432156,-2.7688261082577714,-2.75890723550497,-2.758819512734905
519,-0.7593069258375392,1.961723630950381,-0.7210460405225995,2.000076467342798,-2.0000764673427986,-2.7593833931803378,-2.721122507865398,-2.72103055678792
524,-0.6893547902672296,1.992973725651229,-0.6326217280773947,2.0497976420623307,-2.0497976420623307,-2.7391524323295604,-2.6824193701397254,-2.6823285159184587
529,-0.3938902947181431,2.248884290406985,-0.5552603657861137,2.0875994434023912,-2.0875994434023917,-2.4814897381205347,-2.642859809188505,-2.642774585125128
535,-0.4480199937340445,2.1544039629120273,-0.4898509612369106,2.1126477285222998,-2.1126477285223006,-2.560667722256345,-2.6024986897592113,-2.6024239566460716
540,-0.5741435607771357,1.9871773978989293,-0.4376742933026261,2.1237099116082594,-2.123709911608259,-2.6978534723853946,-2.561384204910885,-2.561320958676065
545,-0.44362582661336875,2.0758822897925855,-0.39953690972209766,2.120021699242171,-2.1200216992421703,-2.563647525855539,-2.519558608964268,-2.5195081164059543
551,-0.23371183267732587,2.24331079989151,-0.3750283027557874,2.102030842326679,-2.1020308423266787,-2.3357426750040045,-2.477059145082466,-2.477022632568836
556,-0.3175587327501302,2.1163358856119756,-0.3621179613750545,2.0718011149485305,-2.07180111494853,-2.3893598476986604,-2.4339190763235843,-2.433894618362106
562,-0.3136089557027813,2.076546730549612,-0.3571926964484881,2.0329760364814287,-2.032976036481428,-2.3465849921842095,-2.3901687329299164,-2.390155686252393
568,-0.4127608525986417,1.9330718139118128,-0.35550373876443037,1.9903327603551864,-1.9903327603551861,-2.403093612953828,-2.3458364991196166,-2.3458326665104545
573,-0.4202062830304696,1.8807455840530785,-0.3518864779205466,1.9490632006578168,-1.9490632006578172,-2.369269483688287,-2.300949678578364,-2.300951867083548
579,-0.40774908491529754,1.8477927921116895,-0.341559715409676,1.9139754822701471,-1.9139754822701474,-2.321724567185445,-2.2555351976798232,-2.255541877026987
585,-0.26014116294840123,1.949488076483865,-0.3208147851694144,1.888805342247868,-1.8888053422478681,-2.1489465051962693,-2.2096201274172826,-2.209629239432266
591,-0.2739497471172335,1.8892922897428335,-0.2874591421837788,1.8757728849901185,-1.8757728849901183,-2.149722632107352,-2.163232027173897,-2.163242036860067
596,-0.28644568649937613,1.8299629195253293,-0.2409623020099099,1.8754368318401642,-1.8754368318401644,-2.1618825183395405,-2.1163991338500745,-2.1164086060247054
602,-0.2449793147260629,1.8241805567921108,-0.18233776099410953,1.8868126756901036,-1.8868126756901034,-2.131791990416166,-2.069150436684213,-2.0691598715181736
608,-0.07677515187189099,1.944750553337316,-0.11385651421667395,1.9076591755893064,-1.9076591755893062,-1.984434327461197,-2.0215156898059803,-2.021525705209207
615,-0.02373400609151244,1.9498037270194324,-0.03870673128256625,1.9348186887851304,-1.9348186887851306,-1.958552694876643,-1.9735254200676968,-1.9735377331109447
621,-0.002750581487723447,1.922476257242825,0.03931457184116471,1.9645255583483339,-1.9645255583483339,-1.9672761398360574,-1.9252109865071692,-1.9252268387305485
627,0.16151959590382223,2.0381456961131037,0.11605437899761381,1.9926591190347955,-1.992659119034796,-1.8311395231309737,-1.8766047400371821,-1.8766261002092814
633,0.18427274631276694,2.0120418585425517,0.1872443547113038,2.014984673073104,-2.0149846730731045,-1.8307119267603376,-1.8277403183618006,-1.8277691122297846
639,0.2382126632686134,2.0169035709104564,0.24880882445788335,2.027461917352792,-2.027461917352792,-1.7892492540841787,-1.7786530928949087,-1.778690907641843
646,0.3186703247768634,2.0480992003338576,0.2973005124972727,2.026681275670889,-2.026681275670889,-1.7080109508940258,-1.7293807631736164,-1.7294288755569944
652,0.3260389088814711,2.006061147759224,0.3304499788632077,2.0104140506091994,-2.0104140506091994,-1.6843751417277284,-1.6799640717459918,-1.6800222388777528
659,0.3768416828523632,2.007356802869585,0.3477134207831857,1.9781610115290142,-1.9781610115290145,-1.6013193286766514,-1.630447590745829,-1.6305151200172219
665,0.4177901737283643,1.9987451727818413,0.35062522615944236,1.931505738536944,-1.9315057385369436,-1.5137155648085794,-1.5808805123775014,-1.580954999053477
672,0.3752865403116961,1.906682303367736,0.3427557370247609,1.8740730982937828,-1.8740730982937828,-1.4987865579820867,-1.5313173612690218,-1.53139576305604
679,0.36397482813076437,1.845871321394984,0.32916391553232693,1.810982454334213,-1.8109824543342128,-1.4470076262034484,-1.4818185388018859,-1.4818964932642196
686,0.26609031373655406,1.6986132218278744,0.3153986706023417,1.7478492799336158,-1.747849279933616,-1.481758966197062,-1.4324506093312743,-1.4325229080913204
692,0.22006549099085068,1.6034124408035422,0.3062798956167045,1.6895661418944545,-1.689566141894454,-1.4695006509036035,-1.3832862462777495,-1.3833469498126916
699,0.21778124445526464,1.5522283902659735,0.3048040786752555,1.639207850957498,-1.6392078509574983,-1.4214266065022336,-1.3344037722822428,-1.3344471458107088
706,0.27912751154481474,1.5650341209871352,0.31151222366194764,1.5973984747777896,-1.59739847477779,-1.3182709632329752,-1.2858862511158424,-1.2859066094423204
713,0.3543933587497291,1.5922058246290143,0.324520591154782,1.5623407094651722,-1.5623407094651722,-1.2079473507154432,-1.2378201183103903,-1.2378124658792853
721,0.3464139287419198,1.5366678935853346,0.3401963969336466,1.5304897674280342,-1.5304897674280344,-1.1840758386861148,-1.1902933704943879,-1.190253964843415
728,0.4293941156457412,1.5727137999833625,0.3542480592313868,1.4976414270338436,-1.4976414270338436,-1.0682473113881024,-1.1433933678024568,-1.1433196843376212
735,0.4048732524138952,1.5019690479029857,0.36287748988243496,1.4600818268014693,-1.4600818268014693,-1.055208574387574,-1.0972043369190343,-1.0970957954890905
742,0.3765588377239823,1.4282215426365013,0.36365383917118554,1.4154585309232117,-1.4154585309232117,-1.0388996931992294,-1.051804691752026,-1.051662704912519
750,0.3476110905572568,1.3547035431038736,0.35589813717373586,1.3631624491735792,-1.3631624491735794,-1.0155513586163227,-1.0072643119998435,-1.0070924525466167
757,0.3208307752586292,1.2842763337820888,0.34055335914582135,1.3041952940451336,-1.3041952940451336,-0.9833645187865043,-0.9636419348993122,-0.9634455585234597
765,0.2983580889360259,1.2191273458026495,0.31967598274450004,1.2406588033982202,-1.2406588033982207,-0.9423007144621948,-0.9209828206537206,-0.9207692568666237
773,0.276651945611618,1.1557467123781375,0.2957665873164399,1.1750834338452565,-1.1750834338452565,-0.8984314882336385,-0.8793168465288166,-0.8790947667665195
780,0.2795151114477889,1.1179512715268383,0.2711477487523022,1.1098049169786541,-1.1098049169786544,-0.8302898055308654,-0.8386571682263522,-0.8384361600790493
788,0.28158834310674324,1.0803781589181995,0.2475274598655658,1.046527020431928,-1.046527020431928,-0.7649386773251847,-0.7989995605663621,-0.7987898158114564
796,0.2648542484864996,1.0249882563777568,0.22580122740597547,0.9861237415814913,-0.9861237415814912,-0.7212694930949917,-0.7603225141755157,-0.7601340078912573
804,0.14933168277858033,0.8717617731426062,0.2060802597078883,0.9286683826202181,-0.928668382620218,-0.7793366998416377,-0.7225881229123297,-0.7224300903640258
812,0.11799583613219794,0.8036199477785702,0.1878960627580722,0.8736398135650604,-0.8736398135650604,-0.7556439774328625,-0.6857437508069881,-0.6856241116463722
820,0.1755274471291522,0.8251767156714611,0.17051296882062186,0.820237389157171,-0.8202373891571709,-0.6447099420280187,-0.6497244203365491,-0.649649268542309
828,0.17885775136702134,0.7932867650922771,0.15326567155513826,0.7677214905615867,-0.7677214905615866,-0.5888637391945652,-0.6144558190064483,-0.6144290137252558
837,0.1802726130515442,0.760153323797552,0.13582739698209828,0.7156851784719347,-0.7156851784719348,-0.5354125654203906,-0.5798577814898365,-0.5798807107460078
845,0.17934040352892827,0.7252597946489503,0.11832067205383559,0.664168744767359,-0.6641687447673589,-0.4848283412384306,-0.5458480727135233,-0.545919391120022
853,0.10333794813433121,0.6158000189313857,0.10122332575608645,0.613569601264671,-0.613569601264671,-0.5102316531303398,-0.5123462755085846,-0.5124620707970545
862,-0.01040943558806151,0.4690221120889701,0.08509671759260115,0.5643742939390132,-0.5643742939390131,-0.5747837295270746,-0.4792775763464119,-0.4794315476770316
871,0.05107158423452379,0.4978315521830095,0.07024514887151886,0.5168213939370541,-0.516821393937054,-0.46574980970253016,-0.44657624506553506,-0.4467599679484857
879,0.05521583204813327,0.46960785480800504,0.05646354557910693,0.47065216491216666,-0.47065216491216666,-0.41543633286403336,-0.4141886193330597,-0.41439202275987175
888,0.04711389022735964,0.42940134280694303,0.04301192709628476,0.42508735811038345,-0.42508735811038345,-0.37797346788302383,-0.3820754310140987,-0.3822874525795834
897,0.03941210415786199,0.3898345719650125,0.028866780856685488,0.3790801288630554,-0.3790801288630554,-0.3396680247051934,-0.35021334800636994,-0.3504224678071505
906,0.03264308434164119,0.35143365557107165,0.013175083825477133,0.3317707329671478,-0.3317707329671478,-0.2991276486255066,-0.3185956491416707,-0.31879057122943044
915,0.02722293906808898,0.31462522169479534,-0.004265371822083606,0.282966626851668,-0.2829666268516681,-0.25574368778357914,-0.2872319986737517,-0.28740228262670636
924,0.02345764236233242,0.2797416153850618,-0.02270300289671908,0.23344433468070583,-0.23344433468070586,-0.20998669231837344,-0.2561473375774249,-0.25628397302272937
933,0.02156711963197383,0.24704296718569813,-0.04044600032238796,0.18493395788249384,-0.18493395788249384,-0.16336683825052,-0.2253799582048818,-0.2254758475537243
943,-0.17550922444963687,0.019519987865933647,-0.055204720896622886,0.13977415284290134,-0.13977415284290137,-0.31528337729253825,-0.19497887373952427,-0.19502921231557052
952,-0.14673144167083282,0.018271635651930046,-0.0646454769861524,0.10035515465820798,-0.10035515465820796,-0.2470865963290408,-0.16500063164436035,-0.16500307732276287
962,-0.07184162270233221,0.06361894141036559,-0.06696375180395628,0.06854199691532259,-0.06854199691532258,-0.14038361961765478,-0.13550574871927884,-0.1354605641126978
971,0.018617407546025533,0.12508228037084548,-0.061294747125318454,0.045260215777721755,-0.045260215777721755,-0.02664280823169622,-0.1065549629030402,-0.10646487282481995
981,-0.0033943003428184714,0.07468123372900874,-0.0478613579852572,0.03034414477442246,-0.03034414477442246,-0.03373844511724093,-0.07820550275967966,-0.07807553407182721
991,-0.14249739436421727,-0.09215273032780483,-0.027867271473615098,0.02264029814962202,-0.022640298149622023,-0.16513769251383928,-0.05050756962323712,-0.05034466403641244
1001,0.015753812170412385,0.0390676089570006,-0.003221453629548908,0.020279756709264823,-0.02027975670926482,-0.004525944538852435,-0.02350121033881373,-0.023313796786588216
1011,0.08301680709985547,0.08002802262184483,0.023801107770921898,0.021014839583126263,-0.021014839583126266,0.062001967516729206,0.002786268187795631,0.0029887844780106384
1021,0.01650144376068896,-0.012048565454122313,0.050891101132636174,0.022548875243793776,-0.022548875243793773,-0.006047431483104812,0.0283422258888424,0.028550009214811274
1031,0.04337101689679465,-0.010002194697956629,0.07600815174676478,0.02283827075904906,-0.02283827075904906,0.02053274613774559,0.053169880987715724,0.05337321159475128
1041,0.12820510218938688,0.05072658212764006,0.09766362647258259,0.02037489474087576,-0.020374894740875765,0.10783020744851111,0.07728873173170682,0.07747852006174683
1052,0.20997564073144362,0.10907319182708208,0.11517803440403028,0.014443817558509448,-0.014443817558509445,0.19553182317293416,0.10073421684552084,0.10090244890436154
1062,0.08028413702645297,-0.043412654471024895,0.128863785064255,0.005307121665907213,-0.005307121665907214,0.07497701536054575,0.12355666339834778,0.12369679149747786
1073,0.0923788320338492,-0.0535479520534595,0.1400460432562264,-0.005773563023888768,0.0057735630238887675,0.09815239505773796,0.14581960628011517,0.1459267840873087
1084,0.17242090332687687,0.004752053690993102,0.15084375356670537,-0.01675383879604298,0.016753838796042985,0.18917474212291985,0.16759759236274835,0.16766884963588377
1094,0.2751767378946154,0.0861688558321217,0.1637040820114249,-0.025269521307778976,0.02526952130777897,0.3004462592023944,0.18897360331920385,0.1890078820624937
1105,0.1919135056299128,-0.018120803526265744,0.1807901950474795,-0.02924604815300322,0.02924604815300322,0.22115955378291602,0.21003624320048273,0.21003430915617854
1116,0.035537183711357834,-0.19530394686395391,0.2034111452628024,-0.027465694773400755,0.027465694773400752,0.06300287848475858,0.23087684003620315,0.23084113057531175
1128,0.1467796688026084,-0.10474129954992761,0.2317010291169787,-0.01988557618974951,0.01988557618974951,0.1666652449923579,0.2515866053067282,0.251520968352536
1139,0.26470048146384495,-0.007462897204265073,0.2646788040582926,-0.007575177967663358,0.007575177967663359,0.27227565943150833,0.27225398202595597,0.27216337866811
1150,0.4191165614022796,0.12626412610464594,0.3006730686808692,0.00771077599305149,-0.007710775993051488,0.4114057854092281,0.2929622926878177,0.29285243529763366
1162,0.4289322839511547,0.1152675176175304,0.3379428171891674,0.024155043098875756,-0.024155043098875766,0.4047772408522789,0.3137877740902916,0.3136647663336243
1173,0.33343365240649786,-0.0012344025122030255,0.3752422686660781,0.04044420979974386,-0.04044420979974385,0.292989442606754,0.3347980588663343,0.3346680549187009
1185,0.4101014785543522,0.05418147420267605,0.41210994472390294,0.056058809439896065,-0.05605880943989607,0.35404266911445614,0.3560511352840069,0.35592000435167614
1197,0.4849166851123165,0.10744883344684769,0.44879543780329634,0.07120064848278981,-0.07120064848278983,0.41371603662952666,0.3775947893205065,0.3774678516654688
1209,0.39750489094033786,-0.0018434258314092289,0.4859075342517122,0.08644102647409582,-0.08644102647409581,0.31106386446624207,0.3994665077776164,0.3993483167717471
1221,0.4416214541072402,0.020033459202150328,0.5239911389312337,0.10229733930393498,-0.10229733930393495,0.33932411480330527,0.4216937996272988,0.42158799490508986
1233,0.6412313518578073,0.19702724499383661,0.5632568468387729,0.11896197098441508,-0.11896197098441508,0.5222693808733923,0.4442948758543578,0.4442041068639707
1246,0.6185971638645472,0.1513916314977291,0.6035891622972414,0.1363095458788149,-0.1363095458788149,0.48228761798573233,0.46727961641842647,0.4672055323668181
1258,0.6542353443182455,0.16364128704196235,0.6448001333737772,0.15414938655272856,-0.15414938655272858,0.5000859577655169,0.4906507468210486,0.49059405727628314
1271,0.727858300314817,0.21349258081980838,0.6869602138786373,0.17255506788521185,-0.1725550678852118,0.5553032324296052,0.5144051459934255,0.5143657194950086
1283,0.7615786177204741,0.22306638744421714,0.7305973481670109,0.1920621368255514,-0.19206213682555134,0.5695164808949227,0.5385352113414597,0.5385122302762569
1296,0.7498988921177293,0.18687654975489043,0.7766261323139096,0.2135959172664217,-0.21359591726642171,0.5363029748513076,0.563030215047488,0.5630223423628389
1309,0.7563483522673135,0.16846518459555682,0.8260117808606355,0.2381341836800297,-0.2381341836800297,0.5182141685872838,0.5878775971806058,0.5878831676717566
1322,0.8482066888624046,0.23512533093226573,0.8793137803894324,0.2662496256543586,-0.2662496256543586,0.581957063208046,0.6130641547350738,0.6130813579301388
1335,0.9322179168675211,0.29361376564607977,0.9363209968884387,0.2977438966056821,-0.2977438966056821,0.634474020261839,0.6385771002827566,0.6386041512214413
1349,1.0073242874355421,0.3428840243485506,0.9959522762322535,0.3315472978217372,-0.3315472978217372,0.675776989613805,0.6644049784105163,0.6644402630869916
1362,1.100528946757195,0.40994831180527813,1.0564771128641495,0.36593867132294755,-0.36593867132294755,0.7345902754342475,0.6905384415412019,0.6905806349519169
1376,1.11700124017452,0.3999822024766364,1.1159730062133848,0.3990021079211282,-0.39900210792112806,0.7179991322533918,0.7169708982922567,0.7170190376978836
1390,1.1758239308901226,0.4320713470969444,1.1728457949397244,0.4291467383445793,-0.4291467383445794,0.7466771925455432,0.743699056595145,0.7437525837931782
1404,1.2793197532543963,0.5085376019334045,1.2262325747107798,0.4555091847179191,-0.45550918471791907,0.8238105685364772,0.7707233899928607,0.7707821513209918
1418,1.2517498986482445,0.4536371269666417,1.2761764321642102,0.4781278734700837,-0.4781278734700837,0.7736220251781608,0.7980485586941265,0.7981127716816028
1432,1.288355486193625,0.46260147805427243,1.3235655570249147,0.497881739869723,-0.4978817398697231,0.790473746323902,0.8256838171551917,0.8257540081393526
1446,1.3570612093070262,0.5033408522366702,1.3699135433765477,0.516270105932508,-0.516270105932508,0.8407911033745182,0.8536434374440397,0.853720357070356
1461,1.475055273847318,0.593023577238263,1.4170867777458898,0.5351396049070252,-0.5351396049070252,0.9399156689402928,0.8819471728388646,0.8820316966090549
1475,1.4754928703039831,0.5647790657829561,1.4670563963494208,0.5564356167881617,-0.5564356167881614,0.9190572535158217,0.9106207795612593,0.910713804521027
1490,1.4778582114965069,0.5380592662555651,1.521695674311403,0.581999067460422,-0.581999067460422,0.8958591440360849,0.939696606850981,0.9397989452409418
1505,1.5723467115895704,0.6030201690717045,1.582598499279491,0.6133842419012362,-0.6133842419012362,0.9589624696883342,0.9692142573782548,0.9693265425178659
1520,1.6564543199056616,0.6571104048453988,1.6508882950830681,0.6516669832255106,-0.6516669832255108,1.0047873366801507,0.9992213118575574,0.9993439150602628
1535,1.733819389968628,0.7039123204293107,1.7270205759502413,0.6972464717495714,-0.6972464717495712,1.0365729182190568,1.02977410420067,1.0299070695393173
1550,1.8055703961351357,0.7444888706846107,1.8106317329595356,0.7496932059083296,-0.7496932059083296,1.055877190226806,1.060938527051206,1.061081525450525
1566,1.8729912038675223,0.780048058823734,1.900516301797031,0.8077254594185141,-0.8077254594185144,1.065265744449008,1.0927908423785166,1.0929431450437883
1582,1.937423094862465,0.8118441552472542,1.9947986995134959,0.8693802313721268,-0.8693802313721269,1.068042863490338,1.125418468141369,1.1255789396152107
1597,2.1007509239106485,0.9416631076566291,2.0913022408175044,0.9323815309248262,-0.9323815309248261,1.1683693929858223,1.1589207098926781,1.1590878162540195
1613,2.2636117951636203,1.07003056079783,2.1880347445410457,0.9946253390456348,-0.9946253390456351,1.268986456117985,1.1934094054954105,1.1935812343657903
1629,2.326505743391736,1.0973220004567399,2.2836464286007754,1.0546369769345902,-1.0546369769345902,1.271868766457146,1.2290094516661851,1.2291837429349963
1646,2.3909359534895374,1.1249025909021704,2.3777060455469945,1.111846862950646,-1.1118468629506457,1.2790890905388916,1.2658591825963488,1.266033362587367
1662,2.4577002182117016,1.1534184264683192,2.4706946926575277,1.1665841195330273,-1.1665841195330273,1.2911160986786743,1.3041105731245004,1.3042817917433824
1679,2.527496728396457,1.1834023214894276,2.5637131945926903,1.2197839530374435,-1.2197839530374437,1.3077127753590134,1.3439292415552466,1.3440944069070295
1696,2.6009588008702984,1.2153087582153388,2.6579983136580942,1.2725040836777088,-1.2725040836777088,1.3284547171925896,1.3854942299803854,1.3856500426549596
1713,2.779256111807621,1.3501155845939423,2.7544049294917596,1.325407386817398,-1.3254073868173974,1.4538487249902237,1.4289975426743622,1.4291405272136788
1730,2.8618046986672208,1.38703473656969,2.85301366855137,1.3783702428369344,-1.3783702428369347,1.483434455830286,1.4746434257144354,1.4747699620975308
1747,2.949701295625492,1.4269475643089788,2.9529716628419775,1.4303242894059944,-1.4303242894059942,1.519377006219498,1.5226473734359833,1.5227537313165134
1764,3.043388055569773,1.4700708260087083,3.0525951774557605,1.4793603276488332,-1.4793603276488332,1.5640277279209398,1.5732348498069273,1.5733172295610647
1782,3.1431741070891825,1.5164798063952185,3.149689540013795,1.5230498244847637,-1.5230498244847643,1.6201242826044182,1.6266397155290306,1.626694300693964
1800,3.249175832646263,1.5660504512006548,3.2419945555642213,1.5588922005969732,-1.5588922005969734,1.6902836320492898,1.683102354967248,1.6831253814456084
1818,3.3612632625247314,1.6184079158232378,3.3276446680084133,1.584777166768138,-1.5847771667681383,1.776486095756593,1.742867501240275,1.7428553467014936
1836,3.4061327154040657,1.6000016548917195,3.405533238589072,1.5993514752381786,-1.5993514752381786,1.8067812401658871,1.8061817633508936,1.8061310605123462
1854,3.485282646286996,1.6120840050120304,3.4754820981127135,1.6021912316883027,-1.6021912316883031,1.883091414598693,1.8732908664244103,1.8731986412749657
1873,3.527382664434985,1.583082205601359,3.538144120970058,1.5937074957786372,-1.5937074957786372,1.9336751686563478,1.9444366251914207,1.9443004588336261
1892,3.5967637403798003,1.5770918481333878,3.5946208194993567,1.5747671376170886,-1.5747671376170889,2.0219966027627114,2.019853681882268,2.0196718922464125
1911,3.637498123497248,1.5379602353304782,3.6458667836534486,1.5461007310671686,-1.5461007310671682,2.0913973924300797,2.0997660525862805,2.0995378881667697
1930,3.718831819048879,1.5347224428857564,3.692062299864097,1.5076787593317174,-1.5076787593317176,2.2111530597171614,2.1843835405323793,2.1841093761631227
1949,3.7116795651712944,1.4380999537580559,3.7322170751071955,1.4583189850208274,-1.4583189850208274,2.253360580150467,2.273898090086368,2.2735796114132385
1969,3.6870502167002392,1.3189296849013905,3.7642609683319472,1.3957807976253591,-1.3957807976253591,2.2912694190748804,2.3684801707065883,2.3681205317988487
1988,3.7733787847059665,1.3054995525668356,3.785743872586824,1.317468577981706,-1.317468577981706,2.4559102067242606,2.4682752946051183,2.467879232139131
2008,3.8334692578787553,1.2604945874926985,3.7950254044546137,1.2216246202513266,-1.2216246202513268,2.6118446376274287,2.5734007842032867,2.5729746703860568
2028,3.885173630406823,1.201678897044057,3.792571722481693,1.1086288081614764,-1.1086288081614761,2.776544822245347,2.683942914320217,2.683494733362766
2048,3.8488391619825695,1.0493453700065087,3.78181928833776,0.9818647302897794,-0.9818647302897794,2.86697443169279,2.7999545580479808,2.7994937919760607
2069,3.8465676680546537,0.925576790339476,3.7691224875711273,0.8476690243783254,-0.8476690243783254,2.9988986436763283,2.921453463192802,2.9209908777151776
2090,3.8687063437336335,0.8207377404170324,3.762597288964097,0.7141760120165832,-0.7141760120165832,3.1545303317170506,3.048421276947514,3.047968603316601
2111,3.611978771691364,0.4316058373932208,3.7701121984419896,0.5893087790689141,-0.5893087790689141,3.0226699926224496,3.1808034193730754,3.180372934298143
2132,3.5679633702918037,0.2498494758266756,3.797077756602592,0.4785678756051844,-0.4785678756051845,3.0893954946866193,3.3185098809974076,3.318113894465128
2153,3.6263957705207517,0.16532851561315187,3.8448541374910303,0.3834371508981774,-0.3834371508981774,3.2429586196225744,3.461416986592853,3.4610672549076
2175,3.9170809849780936,0.3080037693115236,3.9104263046380017,0.30105617788839134,-0.3010561778883914,3.616024807089702,3.60937012674961,3.60907721566657
2196,4.1106458979362275,0.3486858555273149,3.987530149939983,0.2253427373352028,-0.2253427373352028,3.885303160601025,3.7621874126047805,3.7619600424089126
2218,4.293729866041307,0.3742212976660628,4.068838190381019,0.14917403139367966,-0.14917403139367966,4.144555834647627,3.9196641589873393,3.919508568375244
2240,4.291281561002899,0.2097841412576793,4.148380094986498,0.06680204518686043,-0.06680204518686042,4.224479515816038,4.081578049799638,4.08149741974522
2263,4.177207241780633,-0.0704815270901511,4.223277378064199,-0.02441741153671541,0.024417411536715408,4.2016246533173485,4.2476947896009145,4.247688768870784
2285,4.239142338821121,-0.17869603455656602,4.294159777567334,-0.12361422272002706,0.12361422272002709,4.362756561541148,4.417774000287361,4.417838373377687
2308,4.2943861635052185,-0.2973154546214518,4.364178315960485,-0.22739676880500415,0.22739676880500415,4.521782932310223,4.5915750847654895,4.59170161812667
2331,4.39475674598462,-0.3742825034790238,4.437096620058777,-0.3317661336970569,0.3317661336970569,4.726522879681677,4.768862753755834,4.769039249463644
2355,4.4615361896370525,-0.4880862860518729,4.51528468796544,-0.4341272121917579,0.43412721219175787,4.89566340182881,4.949411900157197,4.949622475688925
2378,4.517688651665517,-0.615548459342584,4.598423253128229,-0.5345882568583543,0.5345882568583544,5.052276908523871,5.133011509986583,5.133237111008101
2402,4.705443456883094,-0.6142430032548125,4.683381936012706,-0.6360853852288135,0.6360853852288135,5.341528842111908,5.31946732124152,5.319686460137906
2426,4.81925185314943,-0.6895408281757138,4.765229610201554,-0.743373372406656,0.7433733724066564,5.562625225556086,5.508602982608211,5.5087926813251435
2450,4.942592359875932,-0.7578040632178826,4.838893226451471,-0.8613662957272818,0.8613662957272817,5.803958655603214,5.700259522178753,5.700396423093815
2475,4.9968934423280755,-0.8974611636431717,4.9007760675905185,-0.9935169429311109,0.9935169429311109,5.990410385259186,5.894293010521629,5.894354605971247
2500,4.942742101684691,-1.1477942078608434,4.949734510134881,-1.140835879587139,1.140835879587139,6.08357798127183,6.0905703897220205,6.090536309545534
2525,4.938343910183697,-1.3504729144490906,4.987120826920213,-1.3018427095642526,1.3018427095642524,6.240186619747949,6.288963536484466,6.288816824632788
2550,4.935944433620391,-1.5531256016150872,5.015976056004124,-1.4733656723059054,1.4733656723059056,6.409310105926297,6.48934172831003,6.489070035235478
2575,5.009920451206384,-1.6812389478604768,5.039746271185466,-1.6518165105429619,1.651816510542962,6.661736961749346,6.691562781728428,6.691159399066861
2601,5.087230480959419,-1.80769741238153,5.061003963209599,-1.8344592616367397,1.8344592616367397,6.9216897425961585,6.895463224846338,6.894927893340949
2627,5.084573612897616,-2.015613765065156,5.080577600338769,-2.0202703469873673,2.0202703469873677,7.104843959884984,7.1008479473261366,7.100187377962772
2653,5.081375759647644,-2.22533213573423,5.097293247000738,-2.2101865869458095,2.210186586945809,7.291562346593453,7.307479833946546,7.306707895381874
2680,5.0725292558866535,-2.441678214742021,5.108309743085957,-2.406760185351387,2.406760185351387,7.47928944123804,7.515069928437344,7.514207470628675
2707,5.124439201815365,-2.5979037901962316,5.109865097401691,-2.61340359127563,2.61340359127563,7.737842793090995,7.723268688677321,7.722342992011597
2734,5.1371892553928,-2.7935134849526824,5.098183955300308,-2.833474924961757,2.833474924961757,7.970664180354556,7.931658880262065,7.930702740345482
2761,5.076447567537611,-3.062353524025961,5.070317410296514,-3.0694332017689994,3.069433201768999,8.14588076930661,8.139750612065512,8.138801091563572
2789,5.072739422808018,-3.2733364217032737,5.02476161250959,-3.3222173330399123,3.322217333039913,8.394956755847932,8.346978945549504,8.346075844511292
2817,4.99114466743424,-3.560743858085125,4.961787921065917,-3.590916490616409,3.590916490616409,8.58206115805065,8.552704411682326,8.551888525519365
2845,4.869818107498737,-3.8857097903529842,4.883482475647711,-3.872734173792819,3.8727341737928187,8.742552281291555,8.75621664944053,8.75552789785172
2873,4.785742721348228,-4.170474041904029,4.793524557156447,-4.1632166862408955,4.1632166862408955,8.948959407589124,8.956741243397342,8.956216763252257
2902,4.724365249985516,-4.428756741043835,4.69673834196763,-4.456711349392615,4.456711349392614,9.18107659937813,9.153449691360244,9.153121991029352
2931,4.6112721094434495,-4.734095445864764,4.598450983190378,-4.747021300486137,4.747021300486136,9.358293409929585,9.345472283676514,9.345367555308213
2960,4.4368708665722965,-5.095179344419441,4.503703523118035,-5.028210008179525,5.028210008179525,9.465080874751822,9.53191353129756,9.532050210991738
2990,4.378391118866998,-5.333866182854124,4.416404728413366,-5.295464919106909,5.295464919106908,9.673856037973906,9.711869647520274,9.712257301721122
3020,4.3282485438590825,-5.556837531991999,4.338586965643506,-5.545860509895559,5.545860509895558,9.87410905375464,9.884447475539064,9.885086075851081
3050,4.278962670864146,-5.770701124811559,4.269987543102149,-5.778796623567546,5.738764704424691,10.017727375288837,10.00875224752684,10.049663795675706
3080,4.218745126813928,-5.9864227391712035,4.208189819274031,-5.995877037940671,5.8686403812542896,10.087385508068218,10.07683020052832,10.205167865985132
3111,4.107402984199423,-6.243442199601022,4.149471487658194,-6.200080081112144,5.93855414472217,10.045957128921593,10.088025632380365,10.350845183800445
3142,4.063854000552329,-6.4221759231048186,4.090312178631037,-6.394268390328274,5.969822259661855,10.033676260214184,10.060134438292891,10.486029923657147
3174,4.068275278512177,-6.541883743221932,4.029252639460909,-6.579344837490138,5.9905830691059725,10.058858347618148,10.01983570856688,10.610159021734109
3206,4.119302493202039,-6.603482212335699,3.968569497908396,-6.752589980872653,5.999999997036211,10.11930249023825,9.968569494944607,10.722784705537737
3238,4.061081357649112,-6.762502172127881,3.9151480249087096,-6.906798102913999,5.999999996093441,10.061081353742553,9.915148021002151,10.823583529776993
3270,3.9519920369648833,-6.960369481483307,3.880078900822746,-7.030685439978464,5.999999994864749,9.951992031829633,9.880078895687495,10.91236151844819
3303,3.816643756788499,-7.172411414568362,3.8768652871471967,-7.110684066149749,5.99999999321063,9.816643749999129,9.876865280357826,10.989055171356862
3336,3.7515671948841063,-7.302161068303972,3.918592743110003,-7.133768820682955,5.999999991048582,9.751567185932688,9.918592734158585,11.053728263188079
3369,3.786656290311532,-7.319908246681406,4.014810044308139,-7.090569320215797,5.999999988230115,9.786656278541647,10.014810032538254,11.106564536992938
3403,3.9922764119552503,-7.155580151953481,4.169025379222607,-6.9778628439599055,5.999999984438796,9.992276396394047,10.169025363661403,11.147856563908732
3437,4.358958198865354,-6.819033000682147,4.377558605896669,-6.79970782876372,5.999999979483249,10.358958178348603,10.37755858537992,11.1779911995475
3471,4.681862528442549,-6.5155696795921205,4.630056908136925,-6.566911191657103,5.999999973023096,10.681862501465645,10.630056881160021,11.19743220803467
3506,5.02112891482145,-6.185571826504541,4.911444301457732,-6.295059701335877,5.938379855742423,10.959508770563872,10.849824157200155,11.20670074132599
3541,5.272648976240834,-5.933705473186574,5.204644547659213,-6.001776598272612,5.805700061707805,11.07834903794864,11.010344609367017,11.206354449427408
3576,5.519345838046892,-5.67762021507923,5.493251404591406,-5.7040303511372965,5.604059940511746,11.123405778558638,11.09731134510315,11.196966053126122
3612,5.761234467229015,-5.417867765577477,5.7634597569796195,-5.416182840224263,5.365691842247245,11.12692630947626,11.129151599226866,11.179102232806493
3648,5.99088473892148,-5.162418935277188,6.0049276652102055,-5.149107755774948,5.136517930469997,11.127402669391476,11.141445595680203,11.153303674198668
3685,6.234832382250787,-4.885234682989197,6.210645465255313,-4.910303857562907,4.910303857562908,11.145136239813695,11.12094932281822,11.120067065239985
3721,6.420291627725785,-4.6595381318956655,6.376179219349534,-4.7046364987618015,4.704636498761802,11.124928126487587,11.080815718111335,11.07982975962145
3759,6.479452305904293,-4.5535054092123515,6.49874299779522,-4.53525353095421,4.5352535309542095,11.014705836858504,11.03399652874943,11.032957715116645
3796,6.549166129735247,-4.43057105293295,6.576452362353139,-4.40432368684489,4.40432368684489,10.953489816580138,10.98077604919803,10.979737182668197
3834,6.654692324154174,-4.265678146142198,6.607913826661942,-4.313442982951363,4.313442982951364,10.968135307105538,10.921356809613307,10.920370470296373
3873,6.647649659789254,-4.20732628019762,6.592125620907054,-4.263733968694929,4.26373396869493,10.911383628484185,10.855859589601984,10.854975939986874
3911,6.535423572898178,-4.248168648921581,6.528577280372135,-4.2557502847988316,4.255750284798833,10.79117385769701,10.784327565170969,10.78359222181976
3950,6.421049880679128,-4.285136573637697,6.417445196792827,-4.289289201754452,4.2892892017544515,10.71033908243358,10.70673439854728,10.706186454316825
3990,6.2114304959631275,-4.411235693926021,6.259837859832967,-4.36315805283757,4.36315805283757,10.574588548800698,10.622995912670536,10.622666189889149
4030,6.056102207650597,-4.476792238295663,6.058081646333287,-4.474903190774337,4.474903190774337,10.531005398424934,10.532984837107623,10.53289444594626
4070,5.870947405373273,-4.565759836709762,5.816018073175077,-4.62052990121972,4.6205299012197205,10.491477306592994,10.436547974394799,10.436707242083035
4111,5.6090651810934995,-4.724867666582905,5.53921861787232,-4.794306404629017,4.79430640462902,10.40337158572252,10.333525022501341,10.333932847676405
4152,5.247584741059324,-4.9768271364179775,5.234965650856382,-4.988802554541782,4.988802554541783,10.236387295601107,10.223768205398166,10.224411877477301
4193,4.92000908236097,-5.18800823739878,4.911856062814711,-5.1953057499934,5.195305749993399,10.115314832354368,10.10716181280811,10.10801731975975
4235,4.603575939712494,-5.381097625874036,4.578983047765269,-5.404657688679477,5.404657688679475,10.008233628391968,9.983640736444745,9.98467356558653
4278,4.123366348168311,-5.731007182575521,4.244814041666395,-5.608393073623957,5.608393073623957,9.731759421792269,9.853207115290353,9.854373530743832
4321,3.831320135391234,-5.885872889005775,3.916039111340328,-5.799905153796512,5.767010152888868,9.598330288280103,9.683049264229195,9.717193024397009
4364,3.572722613144782,-6.000579006255805,3.5967348016069445,-5.975292365957246,5.876126179830447,9.448848792975229,9.47286098143739,9.573301619400587
4407,3.2523183695151734,-6.170651046108386,3.288126146323303,-6.133602784897454,5.937179564130595,9.189497933645768,9.225305710453899,9.422969415623559
4451,3.0269847138559616,-6.239584541214985,2.9890435576244316,-6.276379242941681,5.9692951447445015,8.996279858600463,8.958338702368934,9.266569255070946
4496,2.777748640863116,-6.326825498940915,2.6969285829700578,-6.40665089759804,5.990389666142589,8.768138307005705,8.687318249112646,9.104574139804031
4541,2.338511733663177,-6.599038079344018,2.409042053394009,-6.527717691479668,5.999952559277958,8.338464292941135,8.408994612671966,8.937549813007195
4586,2.160037134655216,-6.606105546488063,2.1234552956867954,-6.64214721245359,5.999937591843527,8.159974726498742,8.123392887530322,8.766142681143279
4632,1.9689941161807543,-6.622069355067362,1.8394946081530539,-6.751314151345568,5.99991762873095,7.968911744911704,7.839412236884003,8.591063471248116
4679,1.4646778663299962,-6.948389355561545,1.5575303217111223,-6.855591625571711,5.999890931350994,7.4645687976809905,7.557421253062117,8.413067221891541
4725,1.2357730081934708,-6.99715738092417,1.2782688519696808,-6.955036720327599,5.999856830925145,7.235629839118616,7.278125682894826,8.23293038911764
4773,1.0191216735561675,-7.0323043267732555,1.0019131460519117,-7.050205778254882,5.999810366727417,7.018932040283585,7.001723512779329,8.051426000329423
4820,0.625520374314206,-7.243777527004404,0.7276172322356346,-7.14267469746032,5.999750969753475,6.625271344067682,6.72736820198911,7.86929790131861
4868,0.43453230798770887,-7.2527028998419105,0.4535468862412925,-7.234953399536629,5.999671964363039,6.434204272350748,6.4532188506043315,7.6872352078296196
4917,0.2710981514174441,-7.2347499372747,0.17760956299649458,-7.329732297198073,5.999566618642663,6.270664770060107,6.177176181639157,7.505848088692145
4966,0.01705903079169946,-7.3085869397827325,-0.10136987320784102,-7.428685338339384,5.999429024255262,6.0164880550469615,5.898059151047421,7.325645970574432
5016,-0.3738981720572722,-7.520917337482985,-0.3824658742023694,-7.531268933176163,5.999245613600243,5.625347441542971,5.616779739397874,7.147019165425713
5066,-0.6627294283283672,-7.632954212356409,-0.6619537924996081,-7.634009756896916,5.999006046880532,5.336276618552165,5.337052254380924,6.970224784028042
5117,-0.8832455166295664,-7.6786231353923,-0.933449961048346,-7.7306361124883605,5.998686844670456,5.11544132804089,5.06523688362211,6.795377618762734
5168,-1.2278548904165003,-7.850301354528003,-1.1889679605533576,-7.813130449130165,5.998269946750707,4.7704150563342065,4.809301986197349,6.622446464111503
5220,-1.4796868809948087,-7.930942985927387,-1.4206461202824152,-7.873459026086994,5.997714767088152,4.518027886093344,4.577068646805737,6.451256104932578
5272,-1.691105959233072,-7.9726009112492155,-1.6226793974183766,-7.9055109110181565,5.996989832632926,4.305883873399854,4.37431043521455,6.281494952016144
5325,-1.918796348389796,-8.031524402853522,-1.7929161452820752,-7.906707712043517,5.996025095977881,4.0772287475880855,4.203108950695806,6.112728054463726
5378,-2.011903262856947,-7.956318244652282,-1.933730933883718,-7.878893345617184,5.994765865819561,3.982862602962614,4.061034931935843,5.944414981795335
5432,-2.0758399904477858,-7.851771847914467,-2.0520210332167097,-7.828352299020043,5.9930915042647666,3.917251513816981,3.941070471048057,5.775931857466682
5486,-2.1043349916351364,-7.710931642085361,-2.1584746556642784,-7.765102002729189,5.9909073271146065,3.88657233547947,3.832432671450328,5.606596650450225
5541,-2.1923005789004044,-7.627997280392066,-2.266405317065949,-7.701754205518642,5.988006189830303,3.7957056109298986,3.721600872764354,5.435696701491661
5596,-2.356958310178534,-7.619475692083662,-2.390478366936534,-7.652269224468423,5.984225018767811,3.6272667085892767,3.593746651831277,5.262517381905128
5652,-2.5780478426335907,-7.664418601380175,-2.545543882863717,-7.630816463994892,5.979209687832979,3.4011618451993884,3.433665804969262,5.086370758746584
5709,-2.7662258333000143,-7.672849004571036,-2.7455919918161773,-7.65075657690183,5.972548682101092,3.2063228488010775,3.2269566902849145,4.906623171271022
5766,-3.0118468968479974,-7.734567603854105,-3.002749142283046,-7.723663947042771,5.963866194336636,2.9520192974886386,2.96111705205359,4.722720707006107
5823,-3.2842833315639246,-7.818495027487179,-3.3263081460198545,-7.858378036705648,5.952587415132026,2.6683040835681013,2.6262792691121715,4.534211695923254
5882,-3.5857200693226865,-7.926485579172449,-3.7218398116582865,-8.060128176184671,5.937405458276398,2.3516853889537117,2.2155656466181117,4.340765509849763
5940,-4.038013346436904,-8.180200497615308,-4.190077957960408,-8.329451349681847,5.918036382676665,1.880023036239761,1.727958424716257,4.142187151178404
6000,-4.577545019944065,-8.515972348345358,-4.726895359467557,-8.66214767658494,5.8920827402274485,1.3145377202833837,1.1651873807598916,3.938427328401292
6060,-5.190637825137428,-8.920225758754054,-5.322700441150635,-9.0487216951173,5.858492719114098,0.6678548939766698,0.5357922779634627,3.729587933616626
6120,-6.109854542355078,-9.625777588908171,-5.96318250720702,-9.475106983433804,5.815264972181308,-0.29458957017376974,-0.14791753502571225,3.5159230465530946
6182,-6.734119204927348,-10.0319549841591,-6.630009938511996,-9.923346156194874,5.757909169305408,-0.9762100356219401,-0.8721007692065887,3.297835779231751
6244,-7.257571865193912,-10.333443300187733,-7.301329944824616,-10.372149938697154,5.684551329615264,-1.5730205355786477,-1.616778615209352,3.0758714349938217
6306,-7.924597943405943,-10.775305520574252,-7.953308310820478,-10.798379978441007,5.591590320559008,-2.333007622846935,-2.36171799026147,2.8507075771683086
6369,-8.510177268919437,-11.13331894945407,-8.56129113678559,-11.178199398564459,5.472963957865941,-3.0372133110534953,-3.0883271789196485,2.6231416805346335
6433,-9.110745367754136,-11.504822437897054,-9.101776914330655,-11.489071618152474,5.323085267754526,-3.78766009999961,-3.778691646576129,2.3940770701429175
6497,-9.709192687370457,-11.873700524467022,-9.555505835821613,-11.712855705034043,5.139333749939785,-4.569858937430673,-4.416172085881828,2.164507837096566
6562,-10.26337177843143,-12.198875140978952,-9.90947544927913,-11.837744625506659,4.914492843613367,-5.348878934818064,-4.994982605665763,1.9355033625475215
6628,-10.681398915898663,-12.389591900912519,-10.160139475036443,-11.861518751122818,4.644846241945803,-6.03655267395286,-5.51529323309064,1.7081929850138557
6694,-10.676156982500407,-12.159908202577267,-10.314917195582598,-11.793032320004603,4.334285931522825,-6.341871050977582,-5.980631264059774,1.48375122007686
6761,-10.714607254845674,-11.977991050036815,-10.388782298784017,-11.648708737288207,3.9815652039437364,-6.733042050901938,-6.407217094840281,1.2633837951911402
6828,-10.36949565095657,-11.417810257513842,-10.40263098854858,-11.450933934530473,3.599522264626539,-6.76997338633003,-6.803108723922041,1.0483146065572726
6897,-10.371713166511173,-11.21148671760356,-10.375142456853373,-11.219828749427158,3.188043130797123,-7.18367003571405,-7.18709932605625,0.8397735510923865
6966,-10.55182360689461,-11.190808652563248,-10.321073772724121,-10.971499119145925,2.773486956551392,-7.778336650343218,-7.547586816172729,0.6389850456686391
7035,-10.219006263998274,-10.666163192342863,-10.24531093683546,-10.712024738097035,2.3713641411096176,-7.847642122888656,-7.873946795725843,0.44715692834458837
7106,-10.002084718372217,-10.267554069628353,-10.144758038514844,-10.439426594096162,1.984707359423935,-8.017377358948282,-8.16005067909091,0.2654693512561357
7177,-9.83476444099649,-9.929827670195085,-10.011384320515244,-10.146515275340331,1.6360297695488182,-8.198734671447673,-8.375354550966426,0.09506322919859413
7249,-9.74451114444377,-9.681538950859084,-9.835860153193178,-9.82475329663351,1.327191028162592,-8.417320116281179,-8.508669125030586,-0.06297219358468585
7321,-9.634586943850046,-9.426973892622796,-9.610966391084233,-9.467510488685324,1.0648597071276567,-8.56972723672239,-8.546106683956577,-0.20761305122724993
7394,-9.566640277458092,-9.228724136074494,-9.333190679285295,-9.071835223432272,0.8442263707163118,-8.72241390674178,-8.488964308568983,-0.3379161413835986
7468,-9.34795061152106,-8.89491465314734,-9.002833479104426,-8.638429953484694,0.6625668073386441,-8.685383804182417,-8.340266671765782,-0.4530359583737193
7543,-9.109301034797829,-8.557057557486775,-8.623266856966362,-8.170945254730265,0.5156328344652507,-8.593668200332578,-8.107634022501111,-0.552243477311054
7618,-8.931927205961452,-8.29698070845576,-8.199980582063809,-7.674987227596796,0.3998735952081517,-8.5320536107533,-7.800106986855657,-0.6349464975056933
7694,-8.321164218062536,-7.620453075550171,-7.739230531792861,-7.156838311474824,0.3083707782418168,-8.012793439820719,-7.4308597535510446,-0.7007111425123653
7771,-7.65725872672512,-6.907974827316277,-7.247835516496176,-6.623140635825403,0.23672383107704495,-7.420534895648075,-7.011111685419131,-0.7492838994088429
7849,-7.3326066835486365,-6.551993308887532,-6.73271924061697,-6.080462100979273,0.18105064803572102,-7.1515560355129155,-6.551668592581249,-0.7806133746611046
7928,-6.753860681715223,-5.958989919626083,-6.200768097715241,-5.53514698801123,0.13805417896080208,-6.615806502754421,-6.062713918754439,-0.7948707620891402
8007,-5.962595681184879,-5.170127807623833,-5.6588038985206275,-4.993279191876296,0.10536972081690178,-5.857225960367977,-5.553434177703726,-0.7924678735610463
8087,-5.320502900120771,-4.546431412407377,-5.1135006777866785,-4.46062948873049,0.08025935343609712,-5.240243546684674,-5.033241324350581,-0.7740714877133945
8168,-4.891539870431297,-4.150927133282243,-4.571509760590709,-3.942757456143936,0.06102968034843671,-4.83051019008286,-4.510480080242273,-0.7406127371490536
8250,-3.753828182809226,-3.0605378940367487,-4.039411886788556,-3.444991876614064,0.046341976616956174,-3.7074862061922698,-3.9930699101715996,-0.693290288772477
8332,-2.648700576953905,-2.0151343961701427,-3.5237249776976185,-2.972457029159852,0.035264340758565986,-2.613436236195339,-3.4884606369390525,-0.6335661807837624
8415,-1.9985692867422085,-1.4354159212890119,-3.0309601098682504,-2.5301594992252006,0.026806467347474158,-1.9717628193947343,-3.004153642520776,-0.5631533654531966
8499,-1.6324664766060248,-1.1484722093060444,-2.5675996351999832,-2.122987305791353,0.02035871950951674,-1.612107757096508,-2.5472409156904665,-0.4839942672999803
8584,-1.2062745013999,-0.8080445057194433,-2.140094883021427,-1.7557437811525483,0.015449767774367018,-1.1908247336255329,-2.12464511524706,-0.3982299956804566
8670,-1.1400722695949357,-0.8319120308255566,-1.7548287650903416,-1.4331452421001258,0.011716532271491607,-1.128355737323444,-1.74311223281885,-0.30816023876937904
8757,-1.241281867604605,-1.0250875695224781,-1.4180467109720947,-1.1597887028339113,0.008880147600626387,-1.2324017200039785,-1.4091665633714683,-0.21619429808212667
8845,-1.4907095690480165,-1.3659153881866373,-1.1357603879465923,-0.9400930597687444,0.0067269512530536675,-1.4839826177949629,-1.1290334366935386,-0.12479418086137936
8933,-1.7369440934260298,-1.700532962924401,-0.9136333941160291,-0.7782221004211463,0.0051094367091923925,-1.7318346567168375,-0.9085239574068367,-0.03641113050162875
9022,-1.5253412466456773,-1.5719238275973768,-0.7568551845119412,-0.6779931525352717,0.0038791186450355397,-1.5214621280006417,-0.7529760658669057,0.046582580951699454
9113,-0.9067695529467611,-1.0287339271891303,-0.6700168254780398,-0.6427862490932695,0.0029349241448564096,-0.9038346288019047,-0.6670819013331833,0.1219643742423692
9204,-0.8179537965699267,-1.0056858397839106,-0.6569912383648655,-0.6754541256676034,0.0022266293587698267,-0.8157271672111569,-0.6547646090060957,0.18773204321398382
9296,-0.8214480064250581,-1.063619606734699,-0.7208151945327336,-0.7782270540498665,0.0016887603496851253,-0.819759246075373,-0.7191264341830484,0.242171600309641
9389,-0.08638561036310677,-0.3703049786098167,-0.8635845039609364,-0.9526275063319307,0.0012804874066745246,-0.08510512295643224,-0.8623040165542619,0.28391936824670994
9483,-0.026815226759565047,-0.3388306301495461,-1.086356424895562,-1.1993843362143233,0.0009707040206317076,-0.02584452273893334,-1.0853857208749302,0.31201540338998107
9577,-0.1518096460304018,-0.477755127824743,-1.389064550216794,-1.5183526673261099,0.0007378693833945961,-0.15107177664700722,-1.3883266808333994,0.3259454817943412
9673,-0.31735437478522693,-0.6430235443961294,-1.7704511853956517,-1.9084434625681492,0.0005591578704278179,-0.3167952169147991,-1.769892027525224,0.3256691696109024
9770,-0.8649887544916918,-1.1766206868876534,-2.228016149418183,-2.367562694212332,0.0004236816631362217,-0.8645650728285555,-2.2275924677550467,0.31163193239596165
9868,-1.5279589539440415,-1.812718755638957,-2.757994287129892,-2.8925709551594174,0.0003210030195761605,-1.5276379509244653,-2.7576732841103158,0.28475980169491566
9966,-2.391997192592353,-2.6384329855411766,-3.3553607721843997,-3.479264223740071,0.00024387534448866433,-2.3917533172478644,-3.355116896839911,0.24643579294882334
10066,-3.6584012581225274,-3.856859287715581,-4.013871213928849,-4.122382823412553,0.00018475381778948472,-3.658216504304738,-4.013686460111059,0.19845802959305395
10167,-4.501166123541304,-4.644146464434596,-4.726137488848011,-4.815650700916348,0.0001399658100984524,-4.501026157731205,-4.725997523037913,0.14298034089329187
10268,-5.0961027959844385,-5.178539723127465,-5.483743252320584,-5.551849739744576,0.00010632651911102187,-5.0959964694653275,-5.4836369258014726,0.08243692714302706
10371,-5.837359298576533,-5.856812782159648,-6.277397145299753,-6.322928673817868,8.055638997905844e-05,-5.8372787421865535,-6.277316588909774,0.01945348358311536
10475,-6.759317811923294,-6.716065712885253,-7.097122144053639,-7.120146372635472,6.103742894403297e-05,-6.75925677449435,-7.097061106624695,-0.043252099038041655
10579,-7.448492347230426,-7.34551662176397,-7.932477708138103,-7.934247661002368,4.6374864046683235e-05,-7.448445972366379,-7.932431333274057,-0.10297572546645575
10685,-8.160247733153064,-8.003112149981323,-8.77280874743269,-8.7556672977188,3.514594957199079e-05,-8.160212587203493,-8.772773601483118,-0.1571355831717397
10792,-9.386567789671439,-9.183189141000497,-9.607514280124612,-9.574756483799904,2.6640183726556185e-05,-9.386541149487712,-9.607487639940885,-0.20337864867094096
10900,-9.796340231718677,-9.556659573003959,-10.42632746186849,-10.38202509584187,2.0196598114807784e-05,-9.796320035120562,-10.426307265270376,-0.23968065871471855
11009,-10.545503442838754,-10.28106831039558,-11.2195971825889,-11.168391153595868,1.531467405424536e-05,-10.545488128164699,-11.219581867914847,-0.2644351324431732
11119,-12.047773758526967,-11.77124636883645,-11.978561019889014,-11.92542848261459,1.1615421156463414e-05,-12.04776214310581,-11.978549404467858,-0.2765273896905154
11230,-13.743046256768935,-13.467656179082622,-12.695598980862355,-12.645602935004998,8.811882042714105e-06,-13.743037444886891,-12.695590168980312,-0.27539007768631146
11343,-15.097936799381767,-14.836899328537461,-13.364457679516379,-13.322487483645675,6.670412431297733e-06,-15.097930128969336,-13.364451009103949,-0.2610374708443052
11456,-17.104584166955348,-16.870507454424374,-13.980435314972135,-13.950946925606203,5.0633189765392225e-06,-17.10457910363637,-13.980430251653159,-0.2340767125309732
11571,-18.208394986241178,-18.01269980558111,-14.540518856286836,-14.5272836745402,3.835352673675629e-06,-18.208391150888502,-14.540515020934162,-0.19569518066006564
11686,-18.14862095385809,-18.000996723337995,-15.04346662270376,-15.049337564845663,2.9131865115772375e-06,-18.148618040671575,-15.043463709517248,-0.14762423052009357
11803,-18.28887521531685,-18.196794571434474,-15.489831141708652,-15.516534007068019,2.2082806694356805e-06,-18.28887300703618,-15.489828933427983,-0.0920806438823777
11921,-17.482955920828626,-17.451267783471636,-15.881919677777097,-15.92987702974325,1.674610782487207e-06,-17.482954246217844,-15.881918003166314,-0.03168813735699237
12040,-16.935311099741213,-16.96592889837918,-16.223692054842527,-16.291885735255637,1.2704387675199773e-06,-16.935309829302444,-16.223690784403757,0.030617798637964613
12161,-16.85148240964404,-16.943180104327627,-16.520598089291056,-16.606475163673878,9.620265721821395e-07,-16.851481447617466,-16.520597127264484,0.09169769468358724
12282,-16.52821037583734,-16.676534301594874,-16.779359393330854,-16.878784840633866,7.304930225160433e-07,-16.52820964534432,-16.77935866283783,0.1483239257575328
12405,-16.573344030282144,-16.77064364334366,-17.007702708690182,-17.11496057303178,5.536942619954745e-07,-16.57334347658788,-17.00770215499592,0.19729961306151808
12529,-16.598978457512278,-16.83455400880436,-17.214054071730136,-17.321897146859406,4.1990148424986263e-07,-16.598978037610795,-17.214053651828653,0.23557555129208396
12655,-16.18414064366615,-16.44450089541677,-17.40720488341081,-17.506951364392574,3.179062044722514e-07,-16.184140325759948,-17.407204565504607,0.260360251750619
12781,-16.322152591274268,-16.591371163117653,-17.595962319194445,-17.67763629095832,2.4135032461458655e-07,-16.322152349923943,-17.59596207784412,0.2692185718433841
12909,-16.537944185449685,-16.798099181165746,-17.788797370499815,-17.841308565697656,1.8293605830166368e-07,-16.537944002513626,-17.788797187563755,0.26015499571606093
13038,-17.117943239894394,-17.34962164468806,-17.993504129155312,-18.004861130832975,1.3874325066609575e-07,-17.117943101151145,-17.993503990412062,0.23167840479366508
13168,-17.374228939796776,-17.557075027105515,-18.21688369892809,-18.17443372881974,1.0529059046859857e-07,-17.374228834506184,-18.216883593637498,0.18284608730874025
13300,-17.75679237338655,-17.87007810554624,-18.464465332851056,-18.355152989557602,7.978627092342092e-08,-17.756792293600277,-18.464465253064784,0.11328573215969256
13433,-18.28349267101689,-18.306687852177582,-18.740276087331143,-18.55091290329458,6.050027501203203e-08,-18.283492610516618,-18.74027602683087,0.023195181160692514
13567,-18.395721547328527,-18.309042266248625,-19.04666852881106,-18.764205012509233,4.590714564045583e-08,-18.39572150142138,-19.046668482903915,-0.08667928107990203
13703,-18.218509222524077,-18.003424834402466,-19.384213858498494,-18.996005780315194,3.4787131397706617e-08,-18.218509187736945,-19.384213823711363,-0.21508438812161115
13840,-17.860621485794326,-17.50030290713546,-19.75166533116402,-19.245726387513415,2.6379951556521064e-08,-17.860621459414375,-19.75166530478407,-0.3603185786588668
13978,-17.307158718622226,-16.786853990149172,-20.145994146730956,-19.511227775912893,2.0019294666440153e-08,-17.30715869860293,-20.14599412671166,-0.5203047284730544
14118,-18.371554896214796,-17.67888162234788,-20.562497184742433,-19.78890117925592,1.51736383458001e-08,-18.371554881041156,-20.562497169568793,-0.6926732738669168
14259,-20.569341775763654,-19.694489969715626,-20.994973255496248,-20.073811875464038,1.1509895259109726e-08,-20.569341764253757,-20.99497324398635,-0.8748518060480281
14402,-22.564399202383626,-21.500242066449832,-21.43596164901474,-20.35990115955378,8.720808075679544e-09,-22.56439919366282,-21.435961640293932,-1.0641571359337938
14546,-22.774161637680308,-21.516275677246867,-21.877034374367724,-20.640239244209234,6.613060321569719e-09,-22.774161631067248,-21.877034367754664,-1.2578859604334414
14692,-22.286113987879613,-20.832713417404246,-22.309131405333606,-20.907319763965653,5.009424874913292e-09,-22.286113982870187,-22.30913140032418,-1.453400570475367
14838,-21.515684279566923,-19.86747778388764,-22.72292646664055,-21.153384776752915,3.805097570364068e-09,-21.515684275761824,-22.722926462835453,-1.6482064956792821
14987,-21.418593491713047,-19.578573933595422,-23.109209680956976,-21.370767888797324,2.8820092978776293e-09,-21.41859348883104,-23.10920967807497,-1.840019558117626
15137,-23.311388219320932,-21.28456782932982,-23.459271321704378,-21.552241019338766,2.1848460818318922e-09,-23.311388217136088,-23.459271319519534,-2.026820389991113
15288,-24.521170516858433,-22.31427520505218,-23.76527343298802,-21.691352577877073,1.6578391992538857e-09,-24.521170515200595,-23.765273431330183,-2.206895311806253
15441,-26.88572914125318,-24.506866088250085,-24.020594479453084,-21.78274315139783,1.2568328600082174e-09,-26.885729139996347,-24.02059447819625,-2.3788630530030925
15595,-27.8629921177187,-25.321304687192836,-24.220132627762556,-21.82242506891922,9.537277634308339e-10,-27.86299211676497,-24.220132626808827,-2.541687430525867
15751,-26.987529152319503,-24.292852435875464,-24.360555123475724,-21.808013846115497,7.231282239672511e-10,-26.987529151596373,-24.360555122752594,-2.6946767164440386
15909,-26.53945109319721,-23.701980255371634,-24.440481545931558,-21.73889969053878,5.478630882294055e-10,-26.539451092649347,-24.440481545383694,-2.837470837825578
16068,-25.964320861136407,-22.994302041883067,-24.460607014645397,-21.61636458405923,4.1549874651991553e-10,-25.96432086072091,-24.4606070142299,-2.9700188192533394
16229,-25.608673380688124,-22.51612629373768,-24.42373675727971,-21.443617314150647,3.1489122420680355e-10,-25.608673380373233,-24.423736756964818,-3.092547086950444
16391,-25.702991271296874,-22.497469927692677,-24.334741016102864,-21.22575460119292,2.388933495467427e-10,-25.702991271057982,-24.33474101586397,-3.205521343604196
16555,-25.757498691145468,-22.447894252358353,-24.20043685512461,-20.969654128236538,1.8112089605892829e-10,-25.757498690964347,-24.20043685494349,-3.3096044387871153
16720,-25.217372344537893,-21.811760049579586,-24.02940118193524,-20.683803126825175,1.3746515037382776e-10,-25.217372344400427,-24.029401181797773,-3.4056122949583068
16888,-24.538307400068625,-21.043836163480833,-23.831748098670253,-20.378093651406502,1.0409983985937288e-10,-24.538307399964523,-23.831748098566152,-3.494471236587793
17056,-23.93738167490176,-20.360213006499787,-23.61870583549195,-20.06342703910849,7.904965571015055e-11,-23.93738167482271,-23.618705835412904,-3.577168668401975
17227,-23.881520765766453,-20.22680372061343,-23.40233521417971,-19.751453314598294,5.990052898141587e-11,-23.88152076570655,-23.40233521411981,-3.6547170451530255
17399,-23.189934837180086,-19.46181612892918,-23.195166009483476,-19.454231934468776,4.5439207951858413e-11,-23.189934837134647,-23.195166009438037,-3.728118708250907
17573,-21.650342648475622,-17.852009834163997,-23.00977226594511,-19.183833765168256,3.445510543542695e-11,-21.650342648441168,-23.009772265910655,-3.7983328143116237
17749,-20.906191685947928,-17.03994580299303,-22.85831999975307,-18.951916047263555,2.6115998252862482e-11,-20.90619168592181,-22.858319999726955,-3.8662458829548974
17926,-21.50953220786195,-17.576906256931153,-22.751744571142826,-18.768943529186174,1.9818813257188598e-11,-21.50953220784213,-22.751744571123005,-3.932625950930797
18106,-23.3331571643452,-19.33497228903339,-22.700775089679457,-18.64516997331358,1.5010215292932116e-11,-23.33315716433019,-22.700775089664447,-3.9981848753118068
18287,-22.99388662470832,-18.9303988644525,-22.714239571183043,-18.58902574144727,1.1382894626876807e-11,-22.993886624696938,-22.71423957117166,-4.0634877602558195
18470,-20.820191441471664,-16.69123753658908,-22.798924993318966,-18.606987815719272,8.630429704226117e-12,-20.820191441463034,-22.798924993310337,-4.128953904882581
18654,-20.088780814203137,-15.893912602860578,-22.95962227185527,-18.703625405450985,6.5512040237081245e-12,-20.088780814196586,-22.95962227184872,-4.194868211342558
18841,-19.755269385174774,-15.493869319661849,-23.199319120510786,-18.881785884245218,4.964029187703999e-12,-19.75526938516981,-23.199319120505823,-4.261400065512925
19029,-21.35491724443467,-17.026008562800918,-23.524430701535323,-19.14758282683874,3.765876499528531e-12,-21.354917244430904,-23.524430701531557,-4.3289086816337505
19220,-22.444581702932826,-18.047656149989724,-23.927027728898835,-19.49345273237867,2.852829084076803e-12,-22.444581702929973,-23.927027728895983,-4.3969255529431015
19412,-24.096110253345515,-19.630659573904524,-24.407110202601384,-19.919395600865045,2.1636026303895047e-12,-24.09611025334335,-24.40711020259922,-4.465450679440993
19606,-25.09996691395331,-20.565482852825888,-24.964678122642933,-20.42541143229783,1.641353719605831e-12,-25.09996691395167,-24.964678122641292,-4.534484061127423
19802,-26.554115944843346,-21.950090246840954,-25.59973148902349,-21.011500226677043,1.2443379659998755e-12,-26.554115944842103,-25.599731489022247,-4.604025698002392
20000,-27.482308322502533,-22.808232732436633,-26.312270301743062,-21.677661984002683,9.43245481721533e-13,-27.482308322501588,-26.312270301742117,-4.674075590065901
